tiempo,referencia,hc,f_pid,y_hat
126,40,41.6182631376513,0.0,41.02463
151,40,39.836113276467,0.0,40.09144
176,40,37.4775783903492,3.01521178969136,37.831474
201,40,35.1030416025027,45.1744084225646,34.843956
226,40,31.7972682838966,87.6251875021582,31.919079
251,40,33.4002822604342,100.0,32.836224
276,40,38.6087133350258,100.0,38.517704
301,40,44.0327459100829,25.0076481402816,43.99728
326,40,48.2914131036229,0.0,48.40865
351,40,47.1665484329786,0.0,46.815193
376,40,45.5956542682904,0.0,45.190346
401,39,43.9356372630376,0.0,43.595608
426,39,41.4246486133547,0.0,41.971848
451,39,39.5903596166004,0.0,38.74928
476,39,37.8032686553747,0.0,37.53438
501,39,34.6323343522099,21.4555252314683,35.773975
526,39,32.5668604846825,78.1387912110268,31.280556
551,39,29.7641297156046,100.0,30.613367
576,39,35.5061723957806,100.0,34.379475
601,39,41.2026394636187,62.5660724611901,41.51426
626,39,46.2138993156822,0.0,45.87336
651,39,48.4231498159356,0.0,47.853886
676,39,46.195571260883,0.0,46.9316
701,39,44.4608995965579,0.0,43.834736
726,39,42.5553013182744,0.0,42.468464
751,39,40.4029049932651,0.0,40.461296
776,39,38.224936951867,0.0,38.05526
801,27,35.9985556847991,13.8906163551242,35.83153
826,27,33.1354936854017,0.0,33.18914
851,27,30.6656501694109,0.0,30.087593
876,27,27.74276463623,0.0,27.92198
901,27,23.6915044402419,0.0,24.543114
926,27,19.8783250197303,59.13157218927,19.388288
951,27,13.8119681207227,100.0,15.214611
976,27,23.4251038946262,100.0,22.975426
1001,27,33.494227673343,63.9490437633428,33.821606
1026,27,40.141915071328,0.0,39.7863
1051,27,41.8729556377722,0.0,42.496277
1076,27,40.276291174902,0.0,40.50918
1101,27,38.1993832897602,0.0,38.42801
1126,27,35.6852755717257,0.0,35.900948
1151,27,32.8304151011903,0.0,32.949852
1176,27,30.4814327027823,0.0,29.745493
1201,24,27.7603708788607,0.0,27.849813
1226,24,23.4753693978782,0.0,24.751068
1251,24,19.2449125318427,9.24401165244451,18.949976
1276,24,14.0596186155171,84.8646623263209,15.079846
1301,24,5.72623523896549,100.0,7.242639
1326,24,25.0642981407271,100.0,25.544899
1351,24,34.822286059439,0.0,34.41327
1376,24,41.6201893633442,0.0,41.322514
1401,24,38.9738760625142,0.0,41.01808
1426,24,36.3881522237967,0.0,36.14661
1451,24,34.1810238072821,0.0,33.592243
1476,24,31.2178990506815,0.0,31.719887
1501,24,29.0814291398253,0.0,28.014923
1526,24,25.3757385336746,0.0,26.636114
1551,24,21.4955435586514,0.0,21.41491
1576,24,16.5092006328136,44.5222875348638,17.33167
1601,47,10.0045490705706,100.0,11.689916
1626,47,17.1937338550533,100.0,17.89266
1651,47,30.8462598866087,100.0,31.277552
1676,47,37.8535053127733,100.0,38.280716
1701,47,43.7634720635276,100.0,43.51901
1726,47,48.0639858920412,57.8482491912774,48.485695
1751,47,51.8878027800063,0.0,51.857407
1776,47,53.1024859859764,0.0,52.857635
1801,47,51.3924883825096,0.0,51.321133
1826,47,49.2938290762392,0.0,49.191822
1851,47,47.7095869777227,0.0,47.063328
1876,47,45.8943617700198,0.0,45.64242
1901,47,44.4910812927325,19.7204530733808,43.84497
1926,47,42.4490703432146,44.8066926188272,41.850925
1951,47,40.3157022729166,81.3135405727187,40.729786
1976,47,41.7264349399384,100.0,40.828682
2001,38,44.7279845581901,94.2570792787016,45.349422
2026,38,49.0865894010415,0.0,49.069977
2051,38,52.4051312597088,0.0,52.532692
2076,38,50.7034356999173,0.0,50.957527
2101,38,48.6912784730938,0.0,48.52528
2126,38,47.6727099876054,0.0,46.52275
2151,38,45.7123491665333,0.0,45.698166
2176,38,43.4146303157644,0.0,43.592033
2201,38,41.5074020594849,0.0,40.960037
2226,38,39.6005316305853,0.0,39.401768
2251,38,37.4515225685484,0.0,37.47626
2276,38,35.3483301938067,9.61205837399659,35.0777
2301,38,31.9880028377263,47.2079123656625,32.64202
2326,38,28.9479053054142,100.0,28.65703
2351,38,30.971012774201,100.0,30.696705
2376,38,38.3161346831869,100.0,37.584564
2401,23,43.7797379347673,0.0,43.921227
2426,23,48.207536808402,0.0,48.159157
2451,23,46.0863056889161,0.0,47.052162
2476,23,44.4279332623709,0.0,43.824596
2501,23,42.3568585339532,0.0,42.449635
2526,23,40.2139928325332,0.0,40.105286
2551,23,38.9606455254887,0.0,37.873455
2576,23,36.2465790809624,0.0,37.215843
2601,23,33.0689187174668,0.0,33.328323
2626,23,30.4263787172908,0.0,29.682209
2651,23,27.8473610424859,0.0,27.517595
2676,23,24.3374706527772,0.0,24.972767
2701,23,19.8714051993427,0.0,20.55081
2726,23,15.0444739960019,55.3670597181549,15.151651
2751,23,6.46289491312272,100.0,9.695715
2776,23,20.0114710453376,100.0,19.774797
2801,40,30.9226151856026,52.9283616549053,32.41726
2826,40,39.0826651444333,100.0,37.85742
2851,40,40.0224017373072,15.9341521957123,42.024853
2876,40,45.2164315987923,0.0,44.335148
2901,40,43.6585066153041,0.0,44.008236
2926,40,41.0210140493127,0.0,41.720093
2951,40,39.5011095294329,0.0,38.22243
2976,40,37.4733176363929,8.43328391630444,37.69402
3001,40,34.9732757474099,44.6812376442268,34.873337
3026,40,31.7965778488496,89.3754304300589,32.152435
3051,40,33.4749863400782,100.0,32.77932
3076,40,39.1747382548749,100.0,38.699112
3101,40,44.6534952528255,14.3207621231719,44.507618
3126,40,48.4177102399529,0.0,48.95469
3151,40,46.9310985928952,0.0,46.983395
3176,40,44.990865702916,0.0,44.90364
3201,23,43.3175980322875,0.0,42.88704
3226,23,41.1361153122084,0.0,41.370102
3251,23,38.5696628306299,0.0,38.768368
3276,23,36.33984018985,0.0,35.813625
3301,23,33.9940917344607,0.0,33.878807
3326,23,30.998351079173,0.0,31.40048
3351,23,27.799484019911,0.0,27.762451
3376,23,25.1383230764833,0.0,24.34034
3401,23,21.0110693055224,0.0,22.159365
3426,23,16.1605686786059,34.8450167097638,16.612226
3451,23,8.73957363717329,100.0,11.608615
3476,23,13.3379336247752,100.0,13.460097
3501,23,29.30530631301,100.0,30.140465
3526,23,37.8917908161248,0.0,37.22306
3551,23,43.0567913089262,0.0,43.58532
3576,23,41.2590211630218,0.0,42.167286
3601,37,38.6620471251393,0.0,39.25308
3626,37,36.5619810310516,0.0,35.87817
3651,37,34.3614763082525,7.05560191603858,34.225426
3676,37,31.4043867229612,46.3906542756969,31.642344
3701,37,27.7980101022182,99.254837739764,28.149954
3726,37,30.2689663733201,100.0,29.541992
3751,37,37.5897440948278,100.0,37.108837
3776,37,43.4543315786495,0.0,43.329243
3801,37,48.1575246017666,0.0,47.941795
3826,37,45.8457641607832,0.0,47.04458
3851,37,43.6242915470084,0.0,43.402134
3876,37,42.2789526317544,0.0,41.24363
3901,37,40.0034474087036,0.0,40.417305
3926,37,37.7847871556072,0.0,37.53583
3951,37,35.5473430124686,0.0,35.348656
3976,37,32.7816916485844,25.1495970543167,33.071243
4001,33,29.8906920689261,74.5890325593095,29.787008
4026,33,28.2696936571699,54.7755736160984,28.273674
4051,33,34.0728968595201,83.7582348731477,31.570707
4076,33,35.9036790880557,0.0,36.999832
4101,33,40.2620530176157,0.0,39.145504
4126,33,38.6175072452857,0.0,39.337543
4151,33,36.1749261632254,0.0,36.728798
4176,33,33.6189613152801,0.0,33.511772
4201,33,30.4606071581664,0.0,30.823526
4226,33,28.0049630716442,44.5582049077786,27.06613
4251,33,23.782074914528,88.458816876024,24.66813
4276,33,26.4136937448968,100.0,25.677263
4301,33,34.1809102061612,100.0,33.542446
4326,33,40.4294823406449,0.0,40.594696
4351,33,45.3467171606279,0.0,45.3753
4376,33,43.7151997725249,0.0,44.350895
4401,29,41.3106045929161,0.0,41.762947
4426,29,39.0566468806005,0.0,38.734364
4451,29,36.9613286855491,0.0,36.59992
4476,29,34.7415870825396,0.0,34.633217
4501,29,32.4753444257727,0.0,32.27415
4526,29,29.1517768758216,0.0,29.941534
4551,29,26.4019320441937,0.0,25.588594
4576,29,21.7719699609357,45.4940297909541,23.351986
4601,29,17.6006263681398,100.0,17.099813
4626,29,21.8014834363476,100.0,21.76465
4651,29,32.6796942717761,100.0,33.161278
4676,29,40.047697852428,0.0,39.5547
4701,29,45.0215299708902,0.0,45.20444
4726,29,42.6374547417102,0.0,44.04399
4751,29,40.9546972137089,0.0,40.093746
4776,29,38.8410782063058,0.0,39.045063
4801,46,36.1409459936527,0.0,36.51444
4826,46,33.4038947234011,100.0,33.234768
4851,46,31.6498473710356,100.0,27.775272
4876,46,38.3467701831382,100.0,37.992462
4901,46,43.9111845638527,100.0,43.89745
4926,46,48.1052483894711,36.4069036405008,48.595257
4951,46,51.6359279826053,0.0,52.06561
4976,46,51.4759064664397,0.0,50.8164
5001,46,49.571454168272,0.0,49.524048
5026,46,48.4764773454053,0.0,47.395313
5051,46,47.1725177589648,0.0,46.46485
5076,46,44.8937769112742,0.0,45.167175
5101,46,42.8866818788135,18.7999000743622,42.47178
5126,46,40.123727494868,54.6793261694139,40.17114
5151,46,38.442931704901,100.0,37.921818
5176,46,40.1387330781492,100.0,40.196053
5201,20,45.5345071843281,100.0,45.07463
5226,20,49.5027059592776,0.0,50.028458
5251,20,53.1954042626489,0.0,53.17702
5276,20,51.8445444791559,0.0,51.779408
5301,20,49.8748325284707,0.0,49.688038
5326,20,48.2333893058422,0.0,47.678806
5351,20,46.4886544320757,0.0,46.14088
5376,20,44.7861007631124,0.0,44.433067
5401,20,42.3305078107415,0.0,42.789425
5426,20,40.9665160362894,0.0,39.716366
5451,20,38.3464223125524,0.0,39.142185
5476,20,35.6920409318291,0.0,35.53762
5501,20,33.4315749207191,0.0,32.8245
5526,20,30.8532662914955,0.0,30.912727
5551,20,27.6082453905596,0.0,28.00926
5576,20,23.9652988320938,0.0,24.103716
5601,27,19.9082279998698,0.0,20.049557
5626,27,15.0157362688182,100.0,15.565634
5651,27,7.35928759336963,100.0,5.3316035
5676,27,27.9824646630746,100.0,28.61962
5701,27,36.4185225410011,0.0,36.526302
5726,27,42.2792409884955,0.0,42.332703
5751,27,40.4326834474133,0.0,41.51671
5776,27,38.2041653842559,0.0,38.373524
5801,27,35.8148607005359,0.0,35.76292
5826,27,33.803370926166,0.0,33.198326
5851,27,30.5699377556594,0.0,31.522821
5876,27,26.9546462530254,0.0,27.105803
5901,27,23.3632309655214,0.0,23.09471
5926,27,19.5830721468604,63.2103090806541,19.490051
5951,27,14.162807878348,100.0,14.66604
5976,27,23.839949371642,100.0,23.957829
6001,34,33.8968635571866,54.7451708876421,34.01354
6026,34,40.2226809526665,0.110263840135392,40.210976
6051,34,41.6191213835385,0.0,41.560436
6076,34,40.0072891532965,0.0,40.215973
6101,34,37.9321506892864,0.0,38.14993
6126,34,35.168527632322,0.0,35.632717
6151,34,33.0532581077365,0.0,32.192852
6176,34,29.420587683865,15.1312595440584,30.66745
6201,34,26.5309855485151,80.0674705810623,25.650795
6226,34,22.8032841229489,100.0,23.108116
6251,34,31.1445093607328,100.0,30.708279
6276,34,37.7611968277753,49.3070548051229,38.112133
6301,34,43.0113796229284,0.0,42.92919
6326,34,44.6306210571885,0.0,43.814964
6351,34,42.3129253522149,0.0,43.166523
6376,34,40.8238864810812,0.0,39.828533
6401,49,38.0736189573761,0.0,38.98306
6426,49,35.687850866995,100.0,35.13944
6451,49,33.5475268616157,100.0,30.41285
6476,49,40.2112149124912,100.0,39.2519
6501,49,44.2307737483588,100.0,45.44669
6526,49,49.1404221483358,83.5451797482748,48.781982
6551,49,53.0484499593468,0.0,52.964718
6576,49,54.9482666457586,0.0,55.855694
6601,49,53.6165313763178,0.0,53.21268
6626,49,51.9891623857694,0.0,51.40867
6651,49,50.3936366786734,0.0,49.78351
6676,49,49.2804491814058,0.0,48.24216
6701,49,46.6025668795055,0.0,47.24117
6726,49,45.1882662093627,41.1149188333068,43.821465
6751,49,43.7744860862954,66.401183273525,42.250576
6776,49,43.3038199115155,91.6814700770965,43.499935
6801,29,45.9510457727953,100.0,45.43566
6826,29,49.1878937487551,0.0,49.70124
6851,29,52.6128743727948,0.0,52.76462
6876,29,51.1429416836134,0.0,51.174774
6901,29,49.6686912734536,0.0,48.98875
6926,29,48.0140160934512,0.0,47.559105
6951,29,45.3857924752009,0.0,45.926105
6976,29,44.3366350766267,0.0,42.639393
7001,29,41.9784568310689,0.0,42.459633
7026,29,39.822995698805,0.0,39.452595
7051,29,38.0152527537553,0.0,37.466694
7076,29,35.6535296979357,0.0,35.96861
7101,29,32.7242742875891,0.0,33.06138
7126,29,30.0529702006078,0.0,29.568193
7151,29,27.0601780793532,0.0,27.11337
7176,29,22.5756020269142,32.5083362984822,23.787865
7201,46,19.3584225958714,100.0,18.287958
7226,46,19.6561639937799,100.0,19.29093
7251,46,31.7549770767735,100.0,32.2316
7276,46,38.2360029804313,100.0,38.8895
7301,46,44.1291434823891,100.0,43.790653
7326,46,48.3499779246547,31.4716809509782,48.809868
7351,46,52.264337002515,0.0,52.305515
7376,46,51.7434307402494,0.0,50.76059
7401,46,49.8662558929193,0.0,49.724712
7426,46,48.4525852919021,0.0,47.685463
7451,46,46.4385749322605,0.0,46.390167
7476,46,44.8118359448552,0.0,44.277695
7501,46,42.9857711408717,19.2232809562565,42.82686
7526,46,40.405477337957,51.8669844834013,40.308426
7551,46,39.4332486751988,97.9968271838917,38.417076
7576,46,40.0152806237834,100.0,40.954033
7601,34,44.7602340071054,100.0,44.713478
7626,34,49.4747913479167,0.0,49.298706
7651,34,53.0517998460831,0.0,53.26075
7676,34,52.0934760524088,0.0,51.62298
7701,34,49.8577091429625,0.0,49.99294
7726,34,47.5374082423194,0.0,47.524937
7751,34,46.1463206988662,0.0,45.102554
7776,34,44.4407213140072,0.0,44.15843
7801,34,42.3035742786983,0.0,42.4539
7826,34,40.1973516994026,0.0,39.98922
7851,34,37.6865711889942,0.0,37.891174
7876,34,35.2907892919682,0.0,34.974194
7901,34,33.3243975557735,0.0,32.662937
7926,34,30.1541764158616,9.79660388223052,31.081572
7951,34,27.0713614285631,66.4658961129058,26.606922
7976,34,23.9343066094726,100.0,23.786987
8001,25,29.059869468783,100.0,29.225328
8026,25,37.0828105298469,0.0,36.526417
8051,25,43.0116148249561,0.0,42.81318
8076,25,41.2881950631964,0.0,42.236973
8101,25,38.7967998992154,0.0,39.349155
8126,25,36.4050008007555,0.0,36.11374
8151,25,33.8779392383817,0.0,33.791992
8176,25,31.2056046908463,0.0,31.112326
8201,25,28.4503973426925,0.0,28.276497
8226,25,24.7313567945985,0.0,25.415783
8251,25,20.258398463034,2.35126901845945,20.751535
8276,25,16.0648607257185,82.3060311783159,15.539464
8301,25,8.62656133014492,100.0,8.966171
8326,25,25.5706235070707,100.0,25.742352
8351,25,35.1147615132942,0.0,34.69104
8376,25,40.7340721321086,0.0,41.512333
8401,38,39.3342848482437,0.0,39.98258
8426,38,36.6519741250975,0.0,37.553448
8451,38,33.7794919745255,21.651268588102,33.767673
8476,38,31.3176168138601,73.000058260447,30.68432
8501,38,29.7613606662739,100.0,29.279114
8526,38,34.8394020686587,100.0,34.288937
8551,38,40.9155380521401,54.0991957784245,40.921055
8576,38,45.5212936935787,0.0,45.605404
8601,38,46.8751550317142,0.0,46.54386
8626,38,45.0554889524496,0.0,45.3035
8651,38,42.8503792678895,0.0,43.03054
8676,38,41.8676813133605,0.0,40.47743
8701,38,38.6866852760312,0.0,40.077297
8726,38,36.665447355216,0.0,35.352745
8751,38,33.7412277284377,21.3819174365632,34.4042
8776,38,31.4341981096577,73.6554828003219,30.599298
8801,39,29.7664990829129,100.0,29.441414
8826,39,34.0974398841409,100.0,34.312927
8851,39,40.3818525286401,85.2103771387506,40.260323
8876,39,45.5619317203698,0.0,45.37222
8901,39,48.2708907535116,0.0,48.77802
8926,39,47.60470743989,0.0,46.858215
8951,39,45.3773694767799,0.0,45.68951
8976,39,42.8503401252182,0.0,43.008625
9001,39,42.314041980465,0.0,40.174053
9026,39,39.614668903736,0.0,40.582447
9051,39,36.6124352016667,0.0,36.743786
9076,39,34.6939269223559,40.1723260342595,33.426285
9101,39,32.2978016460485,74.4712782731281,31.828625
9126,39,32.0075390960715,100.0,33.0644
9151,39,36.7423406473472,100.0,36.40126
9176,39,42.5644270460005,37.8982296617276,42.434307
9201,35,46.8069541996693,0.0,47.181072
9226,35,47.4446291990891,0.0,46.52514
9251,35,45.1230602799116,0.0,45.7462
9276,35,43.3629342999744,0.0,42.662994
9301,35,41.7043670043035,0.0,41.39012
9326,35,39.1854318373817,0.0,39.807365
9351,35,36.8002942550717,0.0,36.480297
9376,35,34.0403909306185,0.0,34.19749
9401,35,31.8303034650862,14.5621130810499,31.056988
9426,35,28.8713695093999,54.0696840077766,29.127913
9451,35,25.3009480651159,100.0,26.254095
9476,35,29.174303692354,100.0,28.527357
9501,35,37.1281140853585,100.0,36.629543
9526,35,42.0822091934125,0.0,43.003696
9551,35,47.0410779897281,0.0,46.621883
9576,35,45.8057766331454,0.0,46.000015
9601,40,43.6430618551721,0.0,43.85354
9626,40,41.9203007713457,0.0,41.31794
9651,40,38.6660508236547,0.0,39.979237
9676,40,37.6105029205304,21.2255939363393,35.26287
9701,40,34.865912237157,40.096650820123,35.34513
9726,40,32.4992926174808,89.1618305773029,33.085552
9751,40,33.0948824802532,100.0,33.071724
9776,40,39.4946998411002,100.0,38.27273
9801,40,44.0651992038251,6.46821980136287,44.826115
9826,40,48.1135483096976,0.0,48.35494
9851,40,47.8110069509584,0.0,46.916645
9876,40,44.5664914166096,0.0,45.948563
9901,40,42.7474652674906,0.0,41.231213
9926,40,41.7549538744263,0.0,40.734917
9951,40,39.1933248452572,0.0,39.966446
9976,40,36.742413140198,11.7881260612131,36.44804
10001,32,34.6017461238891,55.6000704924486,33.735817
10026,32,31.5354530415609,0.0,31.985523
10051,32,34.4274262792296,5.67602512091776,32.48448
10076,32,30.9969808558201,0.0,33.366203
10101,32,28.0586388224209,15.2965977674317,27.550032
10126,32,24.5884215788351,67.8218212169792,24.865017
10151,32,21.3536272386415,100.0,21.534653
10176,32,28.0457484048416,100.0,28.265127
10201,32,36.3345533822228,68.1039908135361,36.02336
10226,32,42.1394912532709,0.0,42.075554
10251,32,44.3795402490809,0.0,44.775547
10276,32,42.4962996083213,0.0,43.01531
10301,32,40.8990840894891,0.0,40.422497
10326,32,37.9500991074415,0.0,39.036827
10351,32,36.432974168282,0.0,34.827446
10376,32,33.2133280340238,0.0,34.641106
10401,50,30.423398411976,0.0,29.788492
10426,50,27.5313639482169,100.0,27.375708
10451,50,24.3994250006881,100.0,20.964966
10476,50,33.964308371472,100.0,34.48825
10501,50,40.7968262677785,100.0,40.537212
10526,50,46.0292206480898,100.0,45.950565
10551,50,49.6339202897611,68.4911568146765,50.458164
10576,50,53.3902933825968,4.06649197822694,53.271015
10601,50,54.3442017017425,0.0,54.832096
10626,50,53.2929519590168,0.0,52.58104
10651,50,51.1537359556746,0.0,51.140476
10676,50,50.4877198056324,0.0,48.887
10701,50,48.4338737201978,0.0,48.484005
10726,50,45.9658887455814,25.4883820178411,46.238
10751,50,44.9665424693967,69.6072977511837,43.01391
10776,50,43.336749471667,87.4801026847106,43.759773
10801,36,46.3262177377199,100.0,45.345047
10826,36,49.4493236329609,0.0,49.83069
10851,36,52.0463555397898,0.0,53.000164
10876,36,50.9450156157492,0.0,50.50245
10901,36,50.2049456925735,0.0,48.856514
10926,36,48.2802829177447,0.0,48.19788
10951,36,46.2730642527912,0.0,46.140327
10976,36,43.9932754304626,0.0,44.11752
11001,36,42.3669545992101,0.0,41.561333
11026,36,39.3407435682449,0.0,40.45603
11051,36,38.008198973603,0.0,36.15916
11076,36,35.0831608803446,0.0,36.278595
11101,36,32.68976420441,13.661386220572,31.954536
11126,36,29.8435079274733,56.4455086669322,29.804289
11151,36,27.5069666166787,100.0,27.14331
11176,36,30.7282032642905,100.0,30.79193
11201,40,37.3994281196752,91.5506608099126,37.43576
11226,40,43.3101451074895,43.814918421731,42.923897
11251,40,47.4933662341016,0.0,47.077347
11276,40,47.9524822171178,0.0,47.661636
11301,40,45.829241042811,0.0,46.20944
11326,40,44.1800879656532,0.0,43.56309
11351,40,42.0469046524458,0.0,42.210827
11376,40,39.2351628446145,0.0,39.733734
11401,40,36.7829420952736,10.9347922942561,36.254616
11426,40,35.102528804192,54.7700374681325,33.77564
11451,40,32.171771587194,84.8149931749366,32.67723
11476,40,34.582554676935,100.0,34.14137
11501,40,39.5270543926414,94.1394679079856,39.36115
11526,40,44.7135593003241,5.76928002985615,44.67301
11551,40,48.7836105646455,0.0,48.581127
11576,40,46.7250597346123,0.0,47.609516
11601,27,45.0829064862531,0.0,44.52774
11626,27,43.49443105302,0.0,43.087105
11651,27,41.1363566582933,0.0,41.55612
11676,27,38.69534232057,0.0,38.60221
11701,27,36.8164074946847,0.0,36.058754
11726,27,34.6140455657537,0.0,34.690742
11751,27,31.6482007885193,0.0,32.16171
11776,27,28.498947981596,0.0,28.44694
11801,27,24.638927274298,0.0,25.09352
11826,27,21.7713370842907,39.2755135129368,20.525345
11851,27,16.8265408382277,90.5392425829046,18.270576
11876,27,19.83607150773,100.0,19.709265
11901,27,30.2696519664271,100.0,30.777016
11926,27,37.5568171185724,0.0,37.561676
11951,27,43.4597990930602,0.0,43.09329
11976,27,41.4566389813777,0.0,42.667713
12001,21,39.325664145879,0.0,39.260105
12026,21,37.2724567724187,0.0,36.987488
12051,21,35.0165834310743,0.0,34.987125
12076,21,31.9130309438466,0.0,32.517826
12101,21,29.5082901300131,0.0,28.584646
12126,21,26.1411919648683,0.0,26.814444
12151,21,21.6101042423838,0.0,22.507023
12176,21,17.353109934566,0.0,16.841156
12201,21,11.4493033001423,62.0392971549712,12.82438
12226,21,0.580510164259992,100.0,4.4825573
12251,21,20.1856995262645,100.0,20.01046
12276,21,32.6694588147271,11.4858423760634,32.634712
12301,21,38.9475115684856,0.0,39.778046
12326,21,36.9266708435863,0.0,38.04881
12351,21,34.1951531511607,0.0,34.668392
12376,21,31.6513177141997,0.0,31.24004
12401,45,28.7522468382061,0.0,28.847736
12426,45,25.4354426428481,100.0,25.585081
12451,45,21.9321333567026,100.0,18.24296
12476,45,32.7363794532481,100.0,33.34592
12501,45,39.4381573240362,100.0,39.596794
12526,45,44.5594209756012,96.3542004281726,44.798836
12551,45,49.2249484732766,4.8246968913444,49.054317
12576,45,52.3656446432076,0.0,52.77014
12601,45,51.1322135460989,0.0,51.033062
12626,45,49.1585746311335,0.0,49.016586
12651,45,47.0643478490647,0.0,46.983784
12676,45,45.7676684989083,0.0,44.837055
12701,45,44.093804601822,0.0,43.80668
12726,45,41.8939511852259,13.0904877668501,42.122875
12751,45,39.5287546926921,52.4149994131791,39.069813
12776,45,37.536914524984,94.7001936970574,36.96154
12801,28,39.200225570154,100.0,39.142418
12826,28,43.9495789381866,0.0,43.89604
12851,28,48.3574662908036,0.0,48.195545
12876,28,46.261064024508,0.0,47.194584
12901,28,44.9432137396172,0.0,44.024307
12926,28,43.25789551263,0.0,43.00414
12951,28,40.7685574916962,0.0,41.310097
12976,28,38.8096572234159,0.0,38.107063
13001,28,35.9359755298131,0.0,36.628483
13026,28,33.3275540595401,0.0,32.864227
13051,28,30.5625677721652,0.0,30.47979
13076,28,28.0731923749451,0.0,27.539766
13101,28,24.0026163713277,0.0,25.285313
13126,28,19.821526242654,68.0620002582014,19.684301
13151,28,14.9235342322113,100.0,14.403831
13176,28,25.1095993506778,100.0,25.293125
13201,28,34.9050994997227,48.3340855925381,34.595455
13226,28,40.5415434785525,0.0,41.041813
13251,28,42.2090009689159,0.0,41.383663
13276,28,39.0000501497502,0.0,40.82557
13301,28,37.5302946948812,0.0,35.642887
13326,28,35.393370129119,0.0,35.78026
13351,28,32.0698666016508,0.0,33.010456
13376,28,29.2817904264901,0.0,28.535782
13401,28,25.8609697484326,0.0,26.22448
13426,28,22.4228157615,34.7526841851784,22.173397
13451,28,17.909307828318,96.2147187702654,18.713945
13476,28,19.2031189795782,100.0,18.867472
13501,28,30.7464925900924,100.0,31.40685
13526,28,39.1840080827853,0.0,38.033474
13551,28,43.8359125838606,0.0,44.64907
13576,28,42.0786747920806,0.0,42.84653
13601,35,39.8642572096529,0.0,40.113186
13626,35,37.7019225941585,0.0,37.452816
13651,35,34.7364527707551,0.0,35.318043
13676,35,32.6258958003124,1.17006556406225,31.566278
13701,35,29.043318106007,38.8968914055818,30.227383
13726,35,27.1170561828021,100.0,25.18315
13751,35,26.9523890558511,100.0,27.982777
13776,35,35.5201583809881,100.0,35.652515
13801,35,41.4299743434453,0.0,41.745033
13826,35,46.8656449000397,0.0,46.199703
13851,35,44.7196902619752,0.0,45.900745
13876,35,43.2654007787946,0.0,42.42108
13901,35,40.7422548436916,0.0,41.355824
13926,35,38.0889529268363,0.0,38.048645
13951,35,36.3427236579837,0.0,35.24629
13976,35,33.7102806362251,0.0,34.3374
14001,47,31.0235949187827,19.4600790507828,30.843699
14026,47,28.292376795011,100.0,28.07324
14051,47,25.1381341433204,100.0,24.326626
14076,47,35.4823211967788,100.0,34.83238
14101,47,41.5443310136355,100.0,41.840763
14126,47,45.7681964880234,94.089582174731,46.542965
14151,47,49.8738369843989,18.6008212813383,50.02818
14176,47,53.1485991441045,0.0,53.28196
14201,47,52.0510196207001,0.0,51.47853
14226,47,49.9420682963538,0.0,49.929157
14251,47,48.4028821590305,0.0,47.70158
14276,47,46.6540953253935,0.0,46.321697
14301,47,45.0318558626295,2.72494808051261,44.592762
14326,47,42.9275752308255,31.7232922181664,42.960377
14351,47,41.0485359932101,69.3419385707461,40.24654
14376,47,40.7808459505421,100.0,40.47821
14401,32,43.0734505195729,100.0,43.687935
14426,32,47.7814378752459,0.0,47.651695
14451,32,51.5700869212135,0.0,51.65381
14476,32,49.4919229829117,0.0,50.21768
14501,32,47.9374906242839,0.0,47.274586
14526,32,46.52532926201,0.0,45.86814
14551,32,45.0272612299656,0.0,44.52238
14576,32,42.6537686881984,0.0,43.05646
14601,32,40.0462589081103,0.0,40.1202
14626,32,38.3413880630476,0.0,37.266216
14651,32,35.5294105382697,0.0,36.394627
14676,32,33.5089913605278,0.0,32.51176
14701,32,30.3071540455392,0.0,31.217094
14726,32,27.4273707472411,26.5217413261056,26.870173
14751,32,23.8410380908936,78.0018502032931,24.268812
14776,32,22.7618769025354,100.0,22.48114
14801,30,29.9358579352049,100.0,30.403702
14826,30,37.5909756710613,0.0,37.034992
14851,30,43.6936549409507,0.0,43.181522
14876,30,41.4240185165549,0.0,42.92414
14901,30,39.180425470667,0.0,38.976074
14926,30,37.0415915319226,0.0,36.73468
14951,30,35.3265600601156,0.0,34.67328
14976,30,31.4330374637095,0.0,33.34052
15001,30,29.0051976665846,0.0,27.355503
15026,30,25.7394421192882,13.9690173217816,26.284576
15051,30,21.7679096612386,72.3467380021942,22.298105
15076,30,17.0754868597733,100.0,17.838709
15101,30,26.46005410823,100.0,26.954998
15126,30,35.439029122649,59.5255925719585,35.23803
15151,30,41.5679820026288,0.0,41.37473
15176,30,43.6480891008437,0.0,43.305656
15201,32,41.1103332016993,0.0,42.282295
15226,32,39.633977307472,0.0,38.40662
15251,32,36.7599487257808,0.0,37.83067
15276,32,34.2683330486489,0.0,33.69608
15301,32,31.8623054413029,0.0,31.540003
15326,32,29.0746316231845,0.0,29.190672
15351,32,25.6450672208618,48.4206299946775,26.015642
15376,32,21.6774910001752,100.0,21.58494
15401,32,25.1766521278534,100.0,24.99513
15426,32,34.503137295809,100.0,34.744354
15451,32,41.0877000363155,0.0,40.966686
15476,32,45.6282442995162,0.0,46.000153
15501,32,43.9371253432821,0.0,44.56791
15526,32,41.9587687952381,0.0,41.967937
15551,32,39.4553978190915,0.0,39.790592
15576,32,37.8943968430786,0.0,36.76761
15601,31,34.7474471831751,0.0,36.074635
15626,31,32.9308114871502,0.0,31.406384
15651,31,29.4563786389057,0.0,30.825191
15676,31,26.8253485491884,23.6284681494569,25.754076
15701,31,23.4176525145979,70.6617623724054,23.917362
15726,31,20.7176065329409,100.0,21.87734
15751,31,28.6295363728768,100.0,28.410303
15776,31,36.0135361714994,38.463752694604,36.27357
15801,31,42.7566533555077,0.0,41.677475
15826,31,42.5551951192437,0.0,42.771618
15851,31,40.2244413848367,0.0,40.870598
15876,31,38.6429824373129,0.0,37.706963
15901,31,35.8796616506677,0.0,36.81053
15926,31,33.6947016170382,0.0,32.911343
15951,31,30.4741567253086,0.0,31.249619
15976,31,27.7685156052491,5.37260563906022,27.021208
16001,23,24.1011927207881,53.7371777064262,24.628239
16026,23,19.5221014726835,0.0,20.412085
16051,23,24.6197245419797,58.1468418371999,21.230955
16076,23,20.450180796588,0.0,24.458456
16101,23,26.0084992916016,41.5617952767084,22.556002
16126,23,22.2123026922473,0.0,25.24653
16151,23,24.5532734436802,10.0627873468905,22.618542
16176,23,20.4243504022456,0.0,23.56422
16201,23,15.5553609503004,42.0206335128114,17.196663
16226,23,7.40963230088643,100.0,10.872219
16251,23,15.3809376257518,100.0,16.122623
16276,23,30.5642980073498,100.0,30.706816
16301,23,37.7451537932787,0.0,38.174812
16326,23,43.3842554515495,0.0,43.234653
16351,23,41.3334277419274,0.0,42.555256
16376,23,39.2339132055895,0.0,39.090748
16401,50,37.5115812180184,0.0,36.924465
16426,50,34.704944195168,100.0,35.540405
16451,50,32.264589088221,100.0,29.17337
16476,50,38.5781872124278,100.0,38.30355
16501,50,44.3975814313271,100.0,44.05773
16526,50,48.5703662438841,96.1544981580989,49.043983
16551,50,52.1681325056678,21.5791493233241,52.593792
16576,50,55.2883126756362,0.0,55.54303
16601,50,54.5576867133677,0.0,53.51428
16626,50,53.0422102348053,0.0,52.418457
16651,50,50.6072785204082,0.0,50.82229
16676,50,49.1036817407954,0.0,48.094967
16701,50,47.4740333885844,12.0126493618681,47.00672
16726,50,45.9293935526567,41.1447222463435,44.863216
16751,50,44.0430006428202,68.7611016500047,43.556522
16776,50,44.110264815052,100.0,43.689983
16801,35,46.1075055551421,100.0,46.71114
16826,35,50.7407176766239,0.0,50.33763
16851,35,53.7975756166717,0.0,54.470966
16876,35,52.2345721693646,0.0,52.268837
16901,35,50.2855686052472,0.0,50.031788
16926,35,48.665719414107,0.0,48.08027
16951,35,47.4536786560423,0.0,46.56342
16976,35,45.1526484779366,0.0,45.45455
17001,35,43.0162778335861,0.0,42.712227
17026,35,41.4720644902429,0.0,40.709743
17051,35,38.6187167310781,0.0,39.60224
17076,35,36.7128626698366,0.0,35.59283
17101,35,35.4343796083424,0.0,34.56081
17126,35,32.0107222628733,0.0,33.790657
17151,35,28.695949013425,49.152932893208,28.381681
17176,35,25.2772696055269,100.0,24.649853
17201,42,28.4989350259089,100.0,27.981583
17226,42,36.4172903621739,100.0,36.313347
17251,42,42.4456284114189,95.5870246526358,42.423702
17276,42,47.0276440434246,0.0,47.25674
17301,42,50.4705801361641,0.0,50.64741
17326,42,48.9295134478002,0.0,49.10019
17351,42,47.5002537688141,0.0,46.83184
17376,42,45.725251775494,0.0,45.46459
17401,42,43.4218313648775,0.0,43.687866
17426,42,41.4172924603347,0.0,40.961933
17451,42,39.369888340664,6.15096801875039,39.21907
17476,42,37.1205686762225,42.7496874773504,36.86276
17501,42,34.9524633963987,82.9624638169205,34.299835
17526,42,35.3269318544084,100.0,35.77588
17551,42,39.9447834661641,100.0,39.670372
17576,42,44.9304494404006,32.5233810315761,45.079662
17601,29,49.3172605293123,0.0,49.22385
17626,29,48.7689608748051,0.0,48.21123
17651,29,47.2133044708311,0.0,46.83715
17676,29,45.2601265553627,0.0,45.166004
17701,29,42.796120219097,0.0,43.14626
17726,29,40.8958996585579,0.0,40.178673
17751,29,39.1258806499759,0.0,38.790783
17776,29,37.0034435014639,0.0,37.125828
17801,29,34.5149670331258,0.0,34.650204
17826,29,31.9188293589196,0.0,31.792048
17851,29,28.7020970794475,0.0,29.068626
17876,29,25.4773815615809,0.811009408540585,25.235104
17901,29,21.3597647954595,58.4535001070266,21.960827
17926,29,16.7391143718228,100.0,16.733017
17951,29,24.0993671708657,100.0,24.114145
17976,29,33.9546387845713,83.1406116876958,34.175053
18001,24,40.7103017465704,0.0,39.98511
18026,24,44.2928651127737,0.0,44.18262
18051,24,42.5251603783351,0.0,43.13073
18076,24,40.4911283146885,0.0,40.550743
18101,24,37.8930726357627,0.0,38.255898
18126,24,35.3971389027459,0.0,35.10052
18151,24,32.8239510505461,0.0,32.675972
18176,24,30.2518820162174,0.0,30.004377
18201,24,27.1286116235089,0.0,27.407768
18226,24,23.2733811429032,0.0,23.73403
18251,24,18.9553941205879,8.25823794055039,19.15072
18276,24,13.3602623413284,85.4439653352967,14.703941
18301,24,4.99612100760825,100.0,6.0428042
18326,24,26.212924236351,100.0,25.483934
18351,24,35.0233140323759,0.0,35.14838
18376,24,41.7542867656812,0.0,41.30553
18401,34,38.8333060140945,0.0,41.138035
18426,34,36.769483710368,0.0,35.745827
18451,34,34.1301519176829,0.0,34.469147
18476,34,31.5718961961615,0.0,31.261263
18501,34,28.1502236945128,38.6644978225658,28.753935
18526,34,25.0039822068957,99.8326059037344,24.369429
18551,34,26.3279519567929,100.0,26.012255
18576,34,35.2602741252023,100.0,35.2971
18601,34,41.3007191312738,0.0,41.560467
18626,34,46.3429639943673,0.0,46.10687
18651,34,44.0238818741105,0.0,45.335476
18676,34,43.0083533912955,0.0,41.55521
18701,34,40.2756786358665,0.0,41.17761
18726,34,38.055826623555,0.0,37.37999
18751,34,35.9408568765823,0.0,35.621258
18776,34,32.9054414739329,0.0,33.584072
18801,21,30.658045061225,14.7632406954197,29.651142
18826,21,27.1329672190195,0.0,27.952885
18851,21,23.4379055171883,0.0,24.324205
18876,21,19.9300782483957,0.0,19.467808
18901,21,14.7197378554666,14.2825497717101,16.101496
18926,21,6.250926571995,100.0,10.278589
18951,21,0.0,100.0,1.8713142
18976,21,28.0398561164195,100.0,27.140524
19001,21,36.0038187510863,0.0,37.225037
19026,21,42.6121544599462,0.0,41.919197
19051,21,39.4691984278534,0.0,41.951263
19076,21,38.2508117857362,0.0,36.178886
19101,21,35.3913820598844,0.0,36.533474
19126,21,32.6445094004036,0.0,32.327637
19151,21,30.2649834629873,0.0,29.659494
19176,21,27.4538057171043,0.0,27.602432
19201,28,23.4338461054641,0.0,24.356537
19226,28,18.718838792461,76.5941307807418,19.157564
19251,28,12.9134639798048,100.0,12.114333
19276,28,25.846397832658,100.0,25.84125
19301,28,35.3869092578773,33.5378355419161,34.88998
19326,28,41.1631811246659,0.0,41.524616
19351,28,40.9833398522665,0.0,40.866833
19376,28,38.4748311464049,0.0,39.35054
19401,28,36.3352865973148,0.0,35.772438
19426,28,34.0019075028524,0.0,33.95927
19451,28,30.9245028781137,0.0,31.420023
19476,28,28.2382595538474,0.0,27.610918
19501,28,24.742855378458,0.0,25.266523
19526,28,20.6576993687898,53.1240251771976,20.973873
19551,28,15.5355577924651,100.0,16.097197
19576,28,22.654173653369,100.0,22.453302
19601,37,33.0029985662899,90.5134688084141,33.50674
19626,37,40.1787460024647,66.4157995464341,39.507484
19651,37,44.1273361824517,0.0,44.33619
19676,37,46.0787252521508,0.0,46.37548
19701,37,43.6602214337409,0.0,44.620026
19726,37,42.1578129457003,0.0,41.094254
19751,37,39.8976172050136,0.0,40.274494
19776,37,38.7972900219629,0.0,37.443367
19801,37,35.6477634541617,0.0,37.08225
19826,37,33.2035027403197,19.0655806669734,32.313217
19851,37,30.6759872758427,62.7599220633726,30.394846
19876,37,28.4524194518418,100.0,28.51934
19901,37,32.5386693593084,100.0,32.386772
19926,37,39.156291505537,74.6877354319267,38.97543
19951,37,44.3243486291856,0.0,44.378605
19976,37,46.8922640733376,0.0,47.094604
20001,46,45.1906227604962,0.0,45.500484
20026,46,43.1684746995065,9.37398890887801,43.181896
20051,46,41.2737930838149,45.5217895590234,40.571262
20076,46,39.548179446684,79.3958846027809,38.890625
20101,46,39.8843648876721,100.0,40.186684
20126,46,43.2410883394522,100.0,43.53875
20151,46,47.6797502299402,44.2711652494881,47.85988
20176,46,51.1096018615419,0.0,51.604595
20201,46,51.6597838538382,0.0,51.079136
20226,46,50.3378658324714,0.0,49.817665
20251,46,48.2677280397358,0.0,48.232346
20276,46,47.15930084891,0.0,46.06143
20301,46,45.1486112010371,0.0,45.185966
20326,46,43.0464109907961,10.1331309311957,42.981102
20351,46,40.9322533760159,47.7119625814037,40.35147
20376,46,39.0527042960207,85.5094782637446,38.416893
20401,50,39.3639753657032,100.0,40.074932
20426,50,43.2818537140818,100.0,43.300896
20451,50,48.3763081258206,100.0,47.931557
20476,50,52.0450975459103,24.0160906851515,52.574085
20501,50,55.723101827817,0.0,55.706345
20526,50,53.8212060803682,0.0,53.985134
20551,50,52.1101466047108,0.0,51.514866
20576,50,51.3591338297399,0.0,49.887245
20601,50,49.0307108646687,0.0,49.314835
20626,50,47.4896280678514,12.2870359048234,46.60308
20651,50,46.2796806371436,39.8361711506234,44.89281
20676,50,43.7785068386774,61.4698871244948,43.926743
20701,50,44.2758497094849,100.0,43.068405
20726,50,45.5626613510826,97.3117530703575,46.4493
20751,50,49.5060131192185,74.3234610403573,49.752663
20776,50,53.3804258668347,3.84648702409932,53.00338
20801,47,54.9659356861239,0.0,55.469006
20826,47,53.3979851980339,0.0,53.28156
20851,47,51.769612606169,0.0,51.158638
20876,47,50.6734894782996,0.0,49.57055
20901,47,48.578722879516,0.0,48.59418
20926,47,47.2278795505241,0.0,46.354
20951,47,44.8881324185122,0.0,45.213245
20976,47,43.362598102624,32.701410647759,42.408596
21001,47,40.9640790807174,59.9753047127459,40.653168
21026,47,40.8127636661537,100.0,40.09884
21051,47,42.2847934574927,100.0,43.080376
21076,47,46.3635411133885,79.27837470987,46.924152
21101,47,50.6189889743924,6.38185288412456,50.40995
21126,47,52.9856960266106,0.0,53.332386
21151,47,50.8366237597594,0.0,51.459095
21176,47,49.9557318455555,0.0,48.56456
21201,38,48.1536812329516,0.0,47.933437
21226,38,46.4873783197897,0.0,46.03766
21251,38,44.3131430452643,0.0,44.44451
21276,38,42.6153565282757,0.0,41.98384
21301,38,41.0125748204531,0.0,40.684395
21326,38,38.6257893562878,0.0,39.145973
21351,38,36.4215864346025,0.0,36.039604
21376,38,33.5696756134038,23.1040943593574,33.985508
21401,38,30.5400305386922,74.0857135061974,30.52644
21426,38,29.3000456371366,100.0,28.46378
21451,38,33.7187570350505,100.0,34.01389
21476,38,40.6442949431285,71.4693216531786,39.95965
21501,38,45.3530712467402,0.0,45.74804
21526,38,48.2732419480864,0.0,47.889175
21551,38,46.1003648919153,0.0,46.891872
21576,38,44.0526471137938,0.0,43.79013
21601,33,42.1484758099031,0.0,41.83997
21626,33,40.1628426166628,0.0,40.05203
21651,33,37.0090205930696,0.0,37.96995
21676,33,35.4479518487103,0.0,33.683987
21701,33,32.8243646864953,0.0,33.607834
21726,33,30.1267184622105,0.0,29.957308
21751,33,27.1054859743635,46.1779519781882,27.163033
21776,33,23.3287124076124,100.0,23.320076
21801,33,25.739359160671,100.0,26.051893
21826,33,35.4598276727508,100.0,35.025387
21851,33,41.2747419074595,0.0,41.781616
21876,33,45.993986272202,0.0,46.049786
21901,33,44.1681024601759,0.0,44.94911
21926,33,42.7470801984896,0.0,42.147137
21951,33,40.4390240792275,0.0,40.858803
21976,33,37.9195027567224,0.0,37.945072
22001,22,35.8153675286151,0.0,35.201202
22026,22,32.9557082032801,0.0,33.46755
22051,22,30.5805843403781,0.0,29.867512
22076,22,26.7657134879138,0.0,27.925314
22101,22,23.8425784438807,0.0,22.71584
22126,22,19.2824206791565,0.0,20.603876
22151,22,13.914499381467,43.2271298346589,14.481117
22176,22,5.31173758995829,100.0,8.892246
22201,22,15.404699291112,100.0,15.814082
22226,22,30.1532758459049,100.0,30.7685
22251,22,37.5000765748491,0.0,37.809437
22276,22,43.5587299141724,0.0,43.05515
22301,22,41.3630118117545,0.0,42.786777
22326,22,39.7178821839571,0.0,38.984097
22351,22,36.9568988201801,0.0,37.837124
22376,22,34.8754599614299,0.0,34.001503
22401,24,31.9058063486577,0.0,32.539673
22426,24,29.4264930405597,0.0,28.703514
22451,24,25.7334204153378,0.0,26.661566
22476,24,21.593179011023,0.0,21.788042
22501,24,17.4254572514131,37.4580015236468,17.186981
22526,24,10.6506029429197,100.0,13.235545
22551,24,16.0362858447542,100.0,15.514272
22576,24,29.5422243628637,100.0,30.830183
22601,24,38.2419457753871,0.0,37.219055
22626,24,43.076937259277,0.0,43.8984
22651,24,41.1661771237143,0.0,42.1378
22676,24,39.0980298965824,0.0,39.053814
22701,24,36.8375382619738,0.0,36.816795
22726,24,34.5426402558411,0.0,34.352562
22751,24,31.996309381101,0.0,32.0024
22776,24,28.6454539477779,0.0,29.193806
22801,28,25.5468202039106,0.0,25.051521
22826,28,21.3553809333596,38.105869032739,22.15971
22851,28,16.9159709444914,100.0,17.066648
22876,28,19.2140534492489,100.0,19.016375
22901,28,31.8090660784057,100.0,31.99064
22926,28,38.5477895261917,0.0,38.972317
22951,28,44.2715259282018,0.0,43.838882
22976,28,42.3090307929168,0.0,43.428173
23001,28,39.9712026097792,0.0,40.159298
23026,28,37.9156646098328,0.0,37.44454
23051,28,35.3307356007626,0.0,35.63454
23076,28,32.8321527059725,0.0,32.525047
23101,28,29.8589979737624,0.0,30.08296
23126,28,26.9252477919224,0.0,26.633036
23151,28,23.8387664928274,13.3444319813601,23.707216
23176,28,18.6754393392592,68.5178135572533,20.558996
23201,34,14.3306757019641,100.0,14.307014
23226,34,24.7238468245646,100.0,25.113195
23251,34,34.1983006618292,100.0,34.412285
23276,34,40.8362866681556,0.0,40.72455
23301,34,45.7853254758684,0.0,45.78797
23326,34,44.3036072732068,0.0,44.780914
23351,34,41.7576655221696,0.0,42.35769
23376,34,39.7352876169637,0.0,39.05267
23401,34,37.4032594043431,0.0,37.503517
23426,34,34.6110616403248,0.0,34.8565
23451,34,32.7809555956294,0.0,31.602907
23476,34,29.3177379468317,15.9163039677014,30.661148
23501,34,25.754121023122,77.8241872419209,25.70041
23526,34,22.2522318459503,100.0,22.182333
23551,34,30.3061834925874,100.0,30.115452
23576,34,37.8309907288684,60.2137731878935,37.402775
23601,30,43.2888381093509,0.0,43.20737
23626,30,45.3123152763725,0.0,44.944664
23651,30,42.9349814106752,0.0,43.887592
23676,30,41.0308395903039,0.0,40.400585
23701,30,39.4208034656867,0.0,38.92337
23726,30,37.1936935162431,0.0,37.567276
23751,30,34.0605204242293,0.0,34.743717
23776,30,31.4990793393637,0.0,30.725595
23801,30,28.8530923170866,0.0,28.677393
23826,30,25.590155320288,14.5116268777752,25.925407
23851,30,21.3837513191383,72.8393237958739,22.166035
23876,30,17.1444326828067,100.0,17.345263
23901,30,26.762689637491,100.0,27.065329
23926,30,35.0961359807604,51.9411594826157,35.374756
23951,30,41.7908052865326,0.0,40.978313
23976,30,41.8716682564741,0.0,42.773884
24001,48,40.1818031506745,0.0,40.253944
24026,48,37.9249641425543,100.0,38.264713
24051,48,36.0042341580014,100.0,32.84972
24076,48,41.9711740564897,100.0,41.30711
24101,48,46.3224463122208,100.0,46.911427
24126,48,51.0288407385489,24.0849667476614,50.663345
24151,48,54.148519227391,0.0,54.871372
24176,48,52.4642032591339,0.0,52.38436
24201,48,50.8419057404041,0.0,50.23474
24226,48,50.2834008154583,0.0,48.67233
24251,48,48.171449482746,0.0,48.303417
24276,48,46.2753552605728,0.0,45.93526
24301,48,44.3924556118032,24.8861133448515,44.19712
24326,48,42.6416549548347,58.5470017933589,41.64648
24351,48,41.0071052974155,89.8510502848426,41.40577
24376,48,43.4455677981129,100.0,42.66698
24401,37,46.6475649080864,75.5101645027518,47.2913
24426,37,50.8680566558484,0.0,50.621506
24451,37,52.6666015977056,0.0,53.42542
24476,37,51.4084029916671,0.0,50.985226
24501,37,49.4693972479759,0.0,49.28029
24526,37,47.64715688772,0.0,47.290806
24551,37,46.1082130927878,0.0,45.543438
24576,37,44.1323733796212,0.0,44.09758
24601,37,42.3878181547561,0.0,41.98779
24626,37,40.016334173665,0.0,40.429905
24651,37,38.3073445974052,0.0,37.45841
24676,37,35.1690131861896,0.0,36.356445
24701,37,32.8574356844568,26.5977865748128,31.840261
24726,37,30.0002707928938,67.9215418147657,30.153032
24751,37,28.9508177931695,100.0,28.908792
24776,37,33.097735914536,100.0,33.400505
24801,20,39.8040300620729,63.671323148754,39.43416
24826,20,45.7098483212037,0.0,44.8176
24851,20,47.1565701102744,0.0,47.47789
24876,20,44.8298193486265,0.0,45.590176
24901,20,43.1735571035136,0.0,42.361946
24926,20,41.2738524952507,0.0,41.233322
24951,20,38.9198032423852,0.0,39.17299
24976,20,36.340278621987,0.0,36.36739
25001,20,34.861469375664,0.0,33.54973
25026,20,30.7526454111491,0.0,33.091686
25051,20,28.4272371125042,0.0,26.465467
25076,20,25.2434414899537,0.0,25.797386
25101,20,21.3152175568871,0.0,21.773066
25126,20,16.6273928751912,0.0,17.104286
25151,20,9.34069992924857,53.7004922737866,11.73149
25176,20,0.0,100.0,2.187729
25201,49,18.5605380402998,100.0,17.577118
25226,49,31.3116678864601,100.0,32.05351
25251,49,38.3005769339607,100.0,38.58415
25276,49,43.9858375404396,100.0,43.881676
25301,49,48.7902999841785,83.2617449724689,48.66928
25326,49,51.8601263510051,0.0,52.639935
25351,49,54.3933271491868,0.0,54.548256
25376,49,52.7321756681676,0.0,52.768696
25401,49,51.2513384779574,0.0,50.498234
25426,49,50.229624110408,0.0,49.09206
25451,49,47.9884091898996,0.0,48.176033
25476,49,46.0707537975115,11.6916807177365,45.632576
25501,49,44.5296921360733,45.9721506240551,43.42245
25526,49,42.4932020972209,73.5255188739534,42.3255
25551,49,43.1682435582107,100.0,42.547928
25576,49,45.6297473290206,97.8872358445643,46.214848
25601,37,48.912018915921,53.9015751483668,49.86227
25626,37,53.3192057611155,0.0,52.411316
25651,37,53.2973987606947,0.0,53.90345
25676,37,52.5900580123624,0.0,51.312046
25701,37,50.962156820727,0.0,50.51505
25726,37,49.2408016162579,0.0,48.787987
25751,37,47.1065717150723,0.0,47.10442
25776,37,44.9488366002645,0.0,44.84255
25801,37,43.4681910590529,0.0,42.64142
25826,37,41.5551123790972,0.0,41.548122
25851,37,39.0963295837865,0.0,39.44444
25876,37,36.6473613670163,0.0,36.446983
25901,37,34.3932898609827,0.0,33.98289
25926,37,32.1595524454014,39.9855995487566,31.890032
25951,37,28.6443767531087,79.9197881378732,29.07924
25976,37,30.0825215907917,100.0,29.3616
26001,39,35.3984595654011,100.0,35.28484
26026,39,41.0732570902108,57.821640492397,41.393578
26051,39,46.3670009806465,0.0,45.695183
26076,39,47.4386240888178,0.0,47.57864
26101,39,45.996944473649,0.0,45.80794
26126,39,43.9765473924155,0.0,44.005463
26151,39,41.8413389632969,0.0,41.78885
26176,39,39.4379246194836,0.0,39.52421
26201,39,37.5080403408925,0.0,36.844147
26226,39,35.081283616104,20.0434145768868,35.341263
26251,39,32.6345437660703,63.425200867579,32.275143
26276,39,30.715835221598,100.0,30.525286
26301,39,34.4525118196937,100.0,34.357986
26326,39,40.6023052900082,74.7081787421386,40.497383
26351,39,45.3065999881827,0.0,45.620052
26376,39,47.4549118432869,0.0,47.986122
26401,24,45.194104277963,0.0,45.9837
26426,24,44.2572860007997,0.0,42.79199
26451,24,42.2744849003447,0.0,42.400932
26476,24,40.5299011784312,0.0,40.105278
26501,24,37.8377606590547,0.0,38.566555
26526,24,35.8325936563254,0.0,34.956005
26551,24,33.1052724335725,0.0,33.578194
26576,24,29.6818678505905,0.0,30.143269
26601,24,27.1695933338057,0.0,26.029886
26626,24,23.9335815173875,0.0,24.351143
26651,24,19.6558700143489,0.0,20.400969
26676,24,14.2294669651898,70.7634849100783,15.106473
26701,24,5.73969218200342,100.0,7.10738
26726,24,23.151342231169,100.0,23.007807
26751,24,33.574626243212,8.35808115331684,33.606194
26776,24,39.9431875239636,0.0,40.287025
26801,30,37.9364026177975,0.0,39.143585
26826,30,35.4148770940437,0.0,35.701412
26851,30,32.6316934647258,0.0,32.669777
26876,30,30.4557456688964,0.0,29.612335
26901,30,27.2654308295062,0.0,27.986908
26926,30,23.6000524919867,41.9720411824691,23.809032
26951,30,19.1450947709907,100.0,19.533833
26976,30,21.7588997965882,100.0,22.099688
27001,30,33.5889772981855,100.0,33.169407
27026,30,39.951863883619,0.0,40.37312
27051,30,44.6304479330862,0.0,44.9741
27076,30,43.6076681947719,0.0,43.62091
27101,30,40.2903401238704,0.0,41.757336
27126,30,38.5496680480619,0.0,36.8439
27151,30,36.4202543973827,0.0,36.57154
27176,30,34.0465107459462,0.0,34.054623
27201,38,31.5420341623429,0.0,31.42704
27226,38,28.2299388501852,100.0,28.774454
27251,38,24.7243201188069,100.0,21.683372
27276,38,34.53268125647,100.0,34.64239
27301,38,40.7770569130387,55.0385303928704,41.022156
27326,38,45.7194301135196,0.0,45.504032
27351,38,46.6851579620195,0.0,46.784767
27376,38,45.0336642035629,0.0,45.061604
27401,38,43.6410261196215,0.0,43.03786
27426,38,41.2026409297843,0.0,41.729874
27451,38,38.6570140229019,0.0,38.593487
27476,38,36.6362895043783,0.0,35.92147
27501,38,34.857750693023,17.3606679617566,34.37523
27526,38,31.3715272741118,49.1552573436743,32.50801
27551,38,29.3002118212243,100.0,28.847378
27576,38,31.2279344086791,100.0,31.402815
27601,31,38.600126816612,100.0,37.734795
27626,31,43.6591062905315,0.0,44.15538
27651,31,48.2765058234834,0.0,47.994152
27676,31,46.4614707813385,0.0,47.147205
27701,31,45.0184110573401,0.0,44.395065
27726,31,42.4336170865414,0.0,43.056774
27751,31,39.7828131179755,0.0,39.698746
27776,31,38.970849845632,0.0,36.95937
27801,31,35.4187759757461,0.0,37.297153
27826,31,33.3735688940557,0.0,31.702656
27851,31,30.3434320015549,0.0,31.056969
27876,31,26.954032970767,4.54314329775818,27.068602
27901,31,23.4658638184117,65.1301955493091,23.241175
27926,31,19.6377495005061,100.0,19.359455
27951,31,26.6633778650775,100.0,26.91962
27976,31,35.8735828859762,70.3796274506109,35.37417
28001,44,41.6343561695434,0.0,41.707954
28026,44,44.8013151794083,35.1471270581166,44.358856
28051,44,42.7361370251809,0.0,42.92578
28076,44,41.4143269802418,15.4564743467481,42.0103
28101,44,39.4463801127362,39.0868021376825,38.964306
28126,44,37.3823343213425,74.2699351901248,37.59478
28151,44,37.9111831384987,100.0,37.6124
28176,44,41.3623133197789,100.0,41.585285
28201,44,46.0374285652975,40.0632335051966,46.22815
28226,44,49.8220592233648,0.0,50.132477
28251,44,50.65248776881,0.0,49.52495
28276,44,48.9795016879742,0.0,48.88685
28301,44,46.0741098355557,0.0,46.85897
28326,44,44.5485638242999,0.0,43.07338
28351,44,42.615693723578,0.0,42.58803
28376,44,41.7185801115452,17.6132404051991,40.49693
28401,42,38.9851918595021,33.6524028007993,39.321903
28426,42,37.234294865151,46.7670848463575,36.7521
28451,42,36.1339564453862,78.0714609565349,36.47007
28476,42,37.7232804499974,97.7512215311601,37.246254
28501,42,40.915625428292,69.3558548161976,41.585854
28526,42,45.9308524194171,12.3027493119219,45.338753
28551,42,48.1511292713382,0.0,48.022522
28576,42,45.9332195115029,0.0,46.56046
28601,42,44.0219258216973,0.0,43.57889
28626,42,42.2728253246264,0.0,41.936214
28651,42,39.8451225541327,0.0,40.3123
28676,42,37.8391771743225,31.4021700158003,37.23252
28701,42,35.9646610736632,67.2635130290988,35.214684
28726,42,34.7552030407026,100.0,35.67957
28751,42,38.2009206875261,100.0,38.146152
28776,42,43.8062362531128,60.8383775859519,43.529495
28801,23,48.2223366966631,0.0,48.095623
28826,23,49.8816579620528,0.0,49.58583
28851,23,47.6923589966506,0.0,48.26413
28876,23,46.0435109997051,0.0,45.3825
28901,23,43.6509724383764,0.0,44.0171
28926,23,42.4215750007546,0.0,41.109386
28951,23,39.8592575165911,0.0,40.574284
28976,23,37.2579559439661,0.0,37.119953
29001,23,35.1347302707035,0.0,34.456028
29026,23,32.8836673622929,0.0,32.762146
29051,23,30.0895924663144,0.0,30.36822
29076,23,26.5341735375777,0.0,27.034672
29101,23,23.448407474931,0.0,22.726473
29126,23,18.8343662826764,0.0,20.052538
29151,23,13.2433148518486,66.9150329732802,13.98739
29176,23,4.40594705991442,100.0,6.2601824
29201,41,21.7522233768966,100.0,21.925495
29226,41,32.4889327206643,100.0,33.11811
29251,41,39.8031315031721,100.0,39.386883
29276,41,44.3015558434132,13.9901521018727,45.144966
29301,41,49.0756167715974,0.0,48.533554
29326,41,46.8485700327409,0.0,47.73438
29351,41,45.5593840539741,0.0,44.494736
29376,41,43.0648269776633,0.0,43.606003
29401,41,41.2032169527294,0.0,40.421276
29426,41,39.6985776925045,0.0,39.13751
29451,41,37.8997371626133,15.8052820167822,37.888344
29476,41,34.9995974673799,47.9626180845664,35.439953
29501,41,31.9119261230451,99.8099085051879,32.62249
29526,41,33.025061957032,100.0,33.285908
29551,41,40.4203319481084,100.0,39.098156
29576,41,45.9085298876149,2.968536344665,45.670887
29601,43,50.2818250662239,0.0,50.12295
29626,43,47.791373721899,0.0,49.14007
29651,43,46.0416599560744,0.0,45.198723
29676,43,44.1436992691556,0.0,43.999004
29701,43,42.3031022060566,0.0,42.071487
29726,43,39.9501025078815,5.01558607864682,40.26709
29751,43,37.2841599884457,47.077095135586,37.23241
29776,43,35.6864844127809,94.7379925543521,33.975285
29801,43,36.2769125236878,100.0,36.863277
29826,43,42.4530169278288,100.0,41.291836
29851,43,46.6988394520271,2.39114238521287,47.349686
29876,43,50.1994671310597,0.0,50.64618
29901,43,49.1295939318507,0.0,48.905224
29926,43,47.1681121813002,0.0,47.101963
29951,43,45.2100273126381,0.0,45.041355
29976,43,43.2611553530832,0.0,43.091896
30001,50,41.8946128583407,0.0,41.133526
30026,50,39.5048023147011,100.0,40.041348
30051,50,37.1844482271211,100.0,34.402042
30076,50,42.1959534604655,100.0,42.29499
30101,50,47.1273875989814,100.0,47.04162
30126,50,51.2192985661618,43.9996418197845,51.415913
30151,50,54.5243887284133,0.0,54.92641
30176,50,54.934846449562,0.0,54.244972
30201,50,53.278433957433,0.0,52.96943
30226,50,51.630426627348,0.0,51.02847
30251,50,50.1855540592118,0.0,49.43247
30276,50,47.794967055926,0.0,48.064835
30301,50,46.5950878054881,32.0363109864903,45.29646
30326,50,44.7262747947713,53.4893399280685,43.915813
30351,50,44.2041812666083,86.9023825505688,43.430622
30376,50,45.0700241200401,96.2472108050279,45.21408
30401,38,48.9183322700715,80.7839044635048,48.4438
30426,38,51.5818949475104,0.0,52.387238
30451,38,54.333939935304,0.0,54.11777
30476,38,52.4982368442031,0.0,52.743618
30501,38,50.7771370180934,0.0,50.243263
30526,38,49.764168037676,0.0,48.59358
30551,38,47.6177042373531,0.0,47.7263
30576,38,46.1280433834735,0.0,45.34706
30601,38,44.617760910909,0.0,44.124775
30626,38,42.5638446104876,0.0,42.65757
30651,38,40.2705304789231,0.0,40.33051
30676,38,37.7845766379302,0.0,37.78879
30701,38,34.919431882775,0.0,35.09658
30726,38,32.8206399129891,47.47654933457,31.845617
30751,38,29.8284582739371,84.9997028309881,29.724344
30776,38,31.7116210731673,100.0,31.382025
30801,24,37.1302582340799,100.0,36.941475
30826,24,42.4192925021066,0.0,42.807068
30851,24,47.3549511353861,0.0,46.96426
30876,24,45.4949106814551,0.0,46.30092
30901,24,43.313195204286,0.0,43.444874
30926,24,41.4580120124844,0.0,40.966892
30951,24,39.9259552739218,0.0,39.400627
30976,24,37.4804124980456,0.0,38.104107
31001,24,35.3095298847374,0.0,34.827457
31026,24,31.958668408596,0.0,32.893776
31051,24,29.1676503213595,0.0,28.3977
31076,24,26.0962759572848,0.0,26.106436
31101,24,22.7877617623169,0.0,22.740316
31126,24,18.3192453928626,13.7357719959464,19.175426
31151,24,12.3692230519213,93.6133538903967,14.239698
31176,24,1.20752177922839,100.0,5.6975517
31201,49,26.4883141456891,100.0,26.12872
31226,49,36.2997755396657,100.0,35.70113
31251,49,41.9390420887181,100.0,42.472507
31276,49,46.487026109346,100.0,46.860073
31301,49,50.2847096652981,37.1830651887544,50.822144
31326,49,54.1026446694143,0.0,54.06352
31351,49,53.2914819313912,0.0,53.122883
31376,49,51.9344504643659,0.0,51.178055
31401,49,50.1510652330867,0.0,49.77419
31426,49,48.8731573563001,0.0,47.976677
31451,49,46.6139320496304,0.0,46.819763
31476,49,45.6959168790613,34.8860985365743,44.227444
31501,49,43.1169082372375,51.3012329353502,42.99152
31526,49,42.7407086849747,97.4087852634926,41.833557
31551,49,43.8882816970058,100.0,44.15772
31576,49,48.4450295730816,83.6490496263241,48.134293
31601,48,51.8183735150257,2.20920665877676,52.306362
31626,48,54.4932027888837,0.0,54.59137
31651,48,52.2335580103246,0.0,52.93946
31676,48,51.2831413120167,0.0,49.878998
31701,48,50.2164076706486,0.0,49.20878
31726,48,47.8873200524911,0.0,48.155914
31751,48,45.6770912766098,0.0,45.447678
31776,48,43.7274326426686,33.76551923826,43.327446
31801,48,41.9800742012461,68.6211319627317,40.90216
31826,48,41.7971749501277,99.8652153178662,41.47886
31851,48,44.6029563712042,100.0,44.549564
31876,48,48.7190581329012,53.0099505512365,49.028545
31901,48,52.3018417170904,0.0,52.476677
31926,48,52.7455653614012,0.0,52.891373
31951,48,51.5954435108495,0.0,50.852802
31976,48,49.6974383668673,0.0,49.479046
32001,43,47.6180220934415,0.0,47.51847
32026,43,46.1266226649208,0.0,45.40681
32051,43,44.4036595761072,0.0,44.123116
32076,43,42.2000476271576,0.0,42.414955
32101,43,40.4994850360916,6.53798739623341,39.822033
32126,43,38.1311228407496,36.9374255994955,38.285015
32151,43,36.160323482869,79.2777823026863,35.559265
32176,43,35.8672729086371,100.0,36.350758
32201,43,40.1062849633198,100.0,39.93272
32226,43,44.9833894665711,44.0160834747488,45.196056
32251,43,49.9420876265514,0.0,49.169533
32276,43,48.7413869126632,0.0,49.95497
32301,43,47.1085802475205,0.0,46.704517
32326,43,45.8000243428914,0.0,45.052036
32351,43,43.5205786620908,0.0,43.836117
32376,43,42.5338590055789,0.0,41.084263
32401,43,40.3024633334916,0.578023982816618,40.72235
32426,43,37.9965359918399,40.4653182180661,37.872288
32451,43,35.3245811344732,81.6901154050989,34.894688
32476,43,35.3749151191396,100.0,35.787056
32501,43,40.1315432920261,100.0,39.626503
32526,43,44.8749666612928,43.5746249984121,45.24811
32551,43,49.4862793487266,0.0,49.056614
32576,43,49.6399112453175,0.0,49.495872
32601,43,47.42071067762,0.0,47.795406
32626,43,46.397484267605,0.0,45.07997
32651,43,44.7377888310184,0.0,44.461346
32676,43,41.7239086843345,0.0,42.74976
32701,43,39.8948763115934,15.0600709810297,38.57766
32726,43,37.8277892057521,47.757026648596,37.362015
32751,43,35.6895326394102,84.7135134689867,35.83435
32776,43,37.5316774195113,100.0,36.965065
32801,31,42.1242243752059,90.0358771483998,41.806385
32826,31,45.8466881804584,0.0,46.844933
32851,31,49.7589372325875,0.0,49.089283
32876,31,47.4998659018549,0.0,48.479874
32901,31,46.4818456701123,0.0,45.122337
32926,31,44.3539265651996,0.0,44.543976
32951,31,42.2011850505949,0.0,42.068676
32976,31,40.0931912071102,0.0,39.87111
33001,31,37.5348974059041,0.0,37.78431
33026,31,35.5590076198303,0.0,34.77624
33051,31,32.9633503706605,0.0,33.329475
33076,31,30.5559417338605,0.0,30.123999
33101,31,26.7361993358754,0.0,27.870012
33126,31,22.9281263360981,68.228617995523,22.681442
33151,31,18.6770659001229,100.0,17.985502
33176,31,27.0360769801365,100.0,27.095247
33201,26,35.7900440826071,62.9263144806818,35.52414
33226,26,42.1634565909302,0.0,41.610077
33251,26,43.4676513571786,0.0,44.205257
33276,26,41.056735325435,0.0,41.99205
33301,26,39.4293813040128,0.0,38.472004
33326,26,37.3359841226664,0.0,37.56226
33351,26,34.861644992545,0.0,35.013405
33376,26,32.1096124744559,0.0,32.155495
33401,26,29.0930073948035,0.0,29.114408
33426,26,26.3187924073149,0.0,25.818483
33451,26,22.2178253396555,0.0,23.245052
33476,26,18.4891607393851,59.4478117887872,17.853138
33501,26,11.711944423647,100.0,13.74013
33526,26,21.9448290398605,100.0,22.178288
33551,26,32.9972771217003,64.3878001136148,33.121807
33576,26,39.7615654901677,0.0,39.44581
33601,35,42.0036750355547,0.0,42.210464
33626,35,40.406690161166,0.0,40.711864
33651,35,37.783732702119,0.0,38.5576
33676,35,35.6431820216214,0.0,34.96663
33701,35,32.2606076191742,0.0,33.259327
33726,35,30.2051405690604,40.7917054198085,28.672768
33751,35,26.2729069129136,77.5396233611698,27.250727
33776,35,27.537245993152,100.0,27.233778
33801,35,33.5698153288088,100.0,33.08221
33826,35,40.483867681842,17.445428552766,39.964443
33851,35,45.3713604446463,0.0,45.448086
33876,35,43.7472328565398,0.0,44.119324
33901,35,41.8539373294927,0.0,41.795288
33926,35,39.5312255506692,0.0,39.764854
33951,35,36.5424730726956,0.0,37.01443
33976,35,34.5370868965194,0.0,33.368332
34001,27,32.35177099524,0.0705242363360963,32.269592
34026,27,29.1651470119374,0.0,29.892122
34051,27,26.1758611766843,0.0,25.731724
34076,27,22.257400454729,6.51083943185385,22.898046
34101,27,17.9210449507025,76.5552636233854,18.185118
34126,27,12.1524366209556,100.0,12.512459
34151,27,25.4922935359614,100.0,25.566854
34176,27,34.9910026175398,18.7989938963905,34.71803
34201,27,41.2305703510109,0.0,41.1133
34226,27,39.0750990440803,0.0,40.211124
34251,27,37.2284036961019,0.0,36.71135
34276,27,34.834308904244,0.0,35.13722
34301,27,31.7610096556899,0.0,32.2035
34326,27,28.980701722431,0.0,28.459616
34351,27,25.3334952913194,0.0,25.927717
34376,27,21.5402492909458,21.5020240705029,21.427357
34401,21,17.4390702479276,89.3102167795078,17.920975
34426,21,13.7307982932786,55.3816362370022,14.069293
34451,21,27.9846989913646,100.0,24.149668
34476,21,31.3984455424345,0.0,33.80098
34501,21,38.5784106207796,0.0,37.530773
34526,21,35.8373898774236,0.0,38.127678
34551,21,33.8654662174345,0.0,32.889664
34576,21,30.7296870072357,0.0,31.622822
34601,21,27.6611663100667,0.0,27.359156
34626,21,24.2417910092657,0.0,24.323479
34651,21,20.8668831595132,0.0,20.539463
34676,21,14.8678341278151,0.0,17.172865
34701,21,8.41743677923668,100.0,9.489531
34726,21,0.228149723878819,100.0,0.0
34751,21,27.5032033421959,100.0,27.149786
34776,21,36.1833156479035,0.0,36.70532
34801,25,42.6549293286216,0.0,42.1909
34826,25,40.226097041986,0.0,41.972214
34851,25,38.4188583563372,0.0,37.61622
34876,25,35.5316583996973,0.0,36.3767
34901,25,32.728851866655,0.0,32.44315
34926,25,30.4564792494259,0.0,29.691973
34951,25,26.7378793843403,0.0,27.896795
34976,25,22.8004271735851,0.0,22.77844
35001,25,18.5531960908286,30.7526399933889,18.595581
35026,25,13.3092440955928,100.0,14.422938
35051,25,14.3663059138935,100.0,13.854878
35076,25,29.8768280475309,100.0,30.29262
35101,25,37.7940530321078,0.0,37.647125
35126,25,43.137187747073,0.0,43.39485
35151,25,41.0749745011599,0.0,42.271717
35176,25,38.516112414732,0.0,38.819
35201,46,36.6215510826214,0.0,35.76669
35226,46,34.6474789907784,100.0,34.47923
35251,46,31.831272590499,100.0,29.498156
35276,46,38.608945729677,100.0,38.103844
35301,46,44.0996504074965,100.0,44.117825
35326,46,47.9142808159085,25.4225210363651,48.758232
35351,46,52.2180646921529,0.0,51.854877
35376,46,50.8622140287509,0.0,50.63885
35401,46,49.6527529950319,0.0,48.73509
35426,46,47.8064773185902,0.0,47.586468
35451,46,46.0932535527356,0.0,45.69398
35476,46,44.4339891195111,0.0,44.05491
35501,46,42.0189888876719,19.4070552119151,42.455353
35526,46,40.0481699317251,62.5788683966378,39.08224
35551,46,37.7406332134696,97.8166225628274,37.993565
35576,46,40.6109894829981,100.0,40.12552
35601,29,46.0623726815709,87.7896549244244,45.377098
35626,29,49.4395191985099,0.0,50.26267
35651,29,51.9219780105302,0.0,52.4341
35676,29,50.8172987240168,0.0,50.36482
35701,29,49.3358082216739,0.0,48.732178
35726,29,47.4324143538355,0.0,47.235283
35751,29,45.5504154668986,0.0,45.321594
35776,29,43.9856917861407,0.0,43.485264
35801,29,41.6198352739643,0.0,42.036118
35826,29,39.7069010717246,0.0,39.083164
35851,29,37.1884439475679,0.0,37.577976
35876,29,34.5723030897814,0.0,34.463875
35901,29,32.6317313698619,0.0,31.72966
35926,29,29.8494673637093,0.0,30.406345
35951,29,25.8654723755025,0.0,26.803288
35976,29,22.8895270273096,47.0467972583826,21.647278
36001,37,17.5971940184029,100.0,19.14453
36026,37,22.7063289126161,100.0,22.095192
36051,37,32.8639691461377,100.0,33.5664
36076,37,40.0413649442586,65.0496873094873,39.66179
36101,37,45.253906536629,0.0,45.118816
36126,37,46.9614181709745,0.0,47.240417
36151,37,45.3066277294529,0.0,45.439693
36176,37,42.9123292794463,0.0,43.30191
36201,37,40.667400207623,0.0,40.361736
36226,37,39.1308524982868,0.0,38.235203
36251,37,37.1685485301161,0.0,37.32841
36276,37,34.2585214934537,0.0,34.967834
36301,37,31.5852658224887,40.0343007551209,31.135836
36326,37,28.5846495166325,87.8251952018066,28.21116
36351,37,28.9594444175424,100.0,29.3716
36376,37,35.9832999718299,100.0,34.73037
36401,20,41.8272877879588,9.26178546350548,42.00157
36426,20,46.2716421572783,0.0,46.476677
36451,20,45.3063124975433,0.0,45.062973
36476,20,42.5853619237881,0.0,43.4131
36501,20,40.6087270683661,0.0,39.723705
36526,20,39.0618190239995,0.0,38.428753
36551,20,35.7542977339605,0.0,37.252663
36576,20,34.1616480292084,0.0,32.271946
36601,20,31.3916986472855,0.0,32.279324
36626,20,28.0235215437267,0.0,28.37247
36651,20,24.6407010956643,0.0,24.40708
36676,20,20.428239212912,0.0,20.976788
36701,20,15.5016567974354,0.0,15.945576
36726,20,8.00113905361273,71.0514298861861,10.488565
36751,20,0.0862487706206036,100.0,0.0
36776,20,22.7581374333471,100.0,21.877932
36801,38,32.3838101899757,0.0,33.60196
36826,38,39.3881880500625,91.1121062487435,39.318474
36851,38,38.0840381456587,0.0,39.21414
36876,38,42.6590673927419,0.0,41.201694
36901,38,40.7470467820377,0.0,41.69399
36926,38,38.2561604441256,0.0,38.629333
36951,38,35.3631349975817,0.0,35.568207
36976,38,33.1485696657305,37.8483984861481,32.26746
37001,38,30.8865519960697,77.4399570179066,30.141565
37026,38,31.1216143575071,100.0,31.450237
37051,38,36.0240526190174,100.0,35.895504
37076,38,42.2039604127398,26.0850280064175,41.868393
37101,38,46.6584798987439,0.0,46.8647
37126,38,45.8131389013668,0.0,45.24044
37151,38,43.547962140747,0.0,43.923855
37176,38,41.3517658443053,0.0,41.12535
37201,32,39.5121466984238,0.0,38.972294
37226,32,37.7893546635358,0.0,37.45036
37251,32,35.0815164416668,0.0,35.820515
37276,32,32.8304855854222,0.0,32.157536
37301,32,29.1732434903381,0.0,30.314545
37326,32,26.8129325766398,41.1878189208672,25.29586
37351,32,22.8020430388999,83.3850264479142,23.647097
37376,32,24.4891774708475,100.0,24.37721
37401,32,32.3155549789783,100.0,31.917282
37426,32,39.4060590288573,0.0,39.061657
37451,32,44.8335264931836,0.0,44.61827
37476,32,43.0168572113549,0.0,43.929096
37501,32,40.3602613270208,0.0,41.006516
37526,32,37.734516227252,0.0,37.537098
37551,32,35.9114337554471,0.0,34.914295
37576,32,33.3695110954434,0.0,33.8294
37601,26,30.9637169112406,0.0,30.584831
37626,26,27.9158224875406,0.0,28.28337
37651,26,23.7990609935849,0.0,24.600101
37676,26,19.4037363502325,29.9234523468719,19.435196
37701,26,14.365949409566,100.0,15.219991
37726,26,15.3500975015385,100.0,14.011642
37751,26,30.4048205592553,100.0,30.525478
37776,26,37.4783944343997,0.0,38.036217
37801,26,43.564073725709,0.0,42.992744
37826,26,41.9188649677751,0.0,42.795975
37851,26,39.5431010102016,0.0,40.017876
37876,26,36.7055010302948,0.0,36.97643
37901,26,34.4718643692624,0.0,33.67541
37926,26,31.6286240164407,0.0,31.988642
37951,26,28.617058607059,0.0,28.542698
37976,26,25.6987342835993,0.0,25.342546
38001,38,21.7700260756957,0.0,22.483036
38026,38,16.4621022692748,100.0,17.563166
38051,38,9.90721903704231,100.0,6.8694754
38076,38,29.170400960019,100.0,29.17123
38101,38,37.2741310674051,100.0,37.37525
38126,38,42.4437501351687,3.59360399870038,43.133945
38151,38,47.5482222840757,0.0,46.933956
38176,38,45.6005377071462,0.0,46.624344
38201,38,43.2249358585862,0.0,43.489452
38226,38,41.5967608197587,0.0,40.695065
38251,38,40.125758364447,0.0,39.70834
38276,38,36.777519834846,0.0,38.308826
38301,38,34.4804882314259,12.3956871192979,33.26698
38326,38,31.3088436448765,53.45800291502,31.607075
38351,38,29.2203855821062,100.0,28.271923
38376,38,32.338287457882,100.0,31.86573
38401,29,39.3016405837282,91.7945163817967,38.735256
38426,29,44.3880199009986,0.0,44.568016
38451,29,48.1004469384181,0.0,47.98116
38476,29,45.7396205963289,0.0,46.842033
38501,29,43.9893815572053,0.0,43.248695
38526,29,42.1284142047805,0.0,42.008385
38551,29,40.5929353395557,0.0,40.07187
38576,29,38.6601903074018,0.0,38.750717
38601,29,35.4261381925564,0.0,36.50218
38626,29,33.3752907717497,0.0,32.009754
38651,29,30.8101067832191,0.0,31.053392
38676,29,27.5346131833642,0.0,27.978033
38701,29,23.8168877585087,16.507950801931,24.000631
38726,29,19.5507817920625,82.9657400937095,20.13872
38751,29,14.7761720411499,100.0,15.08538
38776,29,27.3058656767512,100.0,27.434092
38801,33,36.6106391876807,20.6681439177803,35.57628
38826,33,42.0359770786283,0.0,42.40318
38851,33,40.1960842442528,0.0,40.907642
38876,33,38.2265914195507,0.0,38.14085
38901,33,35.6566953009941,0.0,36.02964
38926,33,33.165137642138,0.0,32.86842
38951,33,30.5411617259846,0.0,30.425879
38976,33,28.010996393861,34.2755986174637,27.651014
39001,33,24.3798750317764,79.5080883462124,24.869116
39026,33,24.5993743068562,100.0,24.785168
39051,33,32.0328486106829,100.0,31.469845
39076,33,38.5570203397269,7.66925791743565,38.80117
39101,33,44.6917809769908,0.0,43.777184
39126,33,41.9472997396522,0.0,43.79996
39151,33,40.3160575193818,0.0,39.05712
39176,33,38.2485878433216,0.0,38.444168
39201,31,35.742199350935,0.0,35.95953
39226,31,33.2001656716721,0.0,33.014614
39251,31,29.6125672675979,0.0,30.413692
39276,31,26.6508746530506,15.0765455790574,25.805185
39301,31,23.6395907604477,68.0200649995937,23.459038
39326,31,19.0445874322508,100.0,20.688822
39351,31,27.2096034039386,100.0,27.225899
39376,31,35.1934476795206,58.0884603656512,35.60832
39401,31,42.4281278435873,0.0,41.04184
39426,31,42.6852759521326,0.0,43.876854
39451,31,41.2366748950827,0.0,41.0712
39476,31,39.0205649654576,0.0,39.390366
39501,31,37.1616225628398,0.0,36.599136
39526,31,33.7433480602235,0.0,35.058235
39551,31,32.0211160481541,0.0,30.136621
39576,31,28.7294483514197,0.0,29.995384
39601,27,25.9338196380191,30.7996081936571,25.192123
39626,27,22.2034390090918,9.27681291844578,22.712559
39651,27,21.8460173317086,75.9598748498225,21.74315
39676,27,16.6281463424107,82.3600712427789,18.930824
39701,27,26.8609060139013,100.0,25.78182
39726,27,33.9055965666475,0.0,33.815437
39751,27,40.7074190706606,0.0,40.114384
39776,27,37.7090003876633,0.0,40.13382
39801,27,35.8128049133341,0.0,34.537357
39826,27,33.4710116709902,0.0,33.660892
39851,27,30.9167091935246,0.0,30.87592
39876,27,27.8602377025725,0.0,28.095959
39901,27,24.197836256329,0.0,24.53588
39926,27,19.520976314926,40.2372817249604,20.266073
39951,27,14.2427047766314,100.0,14.934756
39976,27,18.3976480370757,100.0,18.541254
40001,42,31.0893703565292,100.0,31.626602
40026,42,38.1768376965104,100.0,38.40044
40051,42,44.3105743253941,58.5877333013864,43.787968
40076,42,47.8909510386582,0.0,48.634945
40101,42,48.7969606922204,0.0,49.131912
40126,42,47.8281144539273,0.0,47.100384
40151,42,45.8825044368071,0.0,45.856876
40176,42,43.4583923322769,0.0,43.771854
40201,42,42.1338719593465,0.0,40.88513
40226,42,39.9287710867377,0.0,40.28004
40251,42,37.778602181232,27.2190439692585,37.526752
40276,42,35.3762623726544,65.6581857211923,35.226097
40301,42,34.1393117652362,100.0,34.27122
40326,42,37.6396635807551,100.0,37.503925
40351,42,43.212095387949,68.1857186549258,43.061962
40376,42,47.7218761874929,0.0,47.728508
40401,29,49.4764518444693,0.0,49.823627
40426,29,47.8232242762735,0.0,47.885376
40451,29,46.4134910717786,0.0,45.741413
40476,29,44.6963557415177,0.0,44.414368
40501,29,41.9619619130318,0.0,42.699863
40526,29,40.8131488856613,0.0,39.08145
40551,29,37.986482997949,0.0,39.028316
40576,29,35.4332584833193,0.0,34.979454
40601,29,32.7848699077753,0.0,32.658463
40626,29,29.9832427485195,0.0,29.89405
40651,29,27.1388804224755,0.0,26.92015
40676,29,22.9243554627416,23.2300443547528,24.007206
40701,29,18.5340227342523,98.5690562938027,18.996529
40726,29,15.7919102534135,100.0,14.847409
40751,29,30.4063106899189,100.0,30.305857
40776,29,37.667166088234,0.0,38.002567
40801,43,43.417046738607,0.0,43.18193
40826,43,41.8140437140855,0.0,42.60351
40851,43,39.6299014895257,11.2111860408777,39.92365
40876,43,37.105715468506,50.2555182670467,36.83058
40901,43,34.6302557637496,95.3832715495195,34.322212
40926,43,36.2737765246604,100.0,36.067074
40951,43,41.8003957879984,100.0,41.409496
40976,43,46.1520499629858,11.5152404069952,46.730274
41001,43,50.6407011890259,0.0,50.157814
41026,43,48.741953842655,0.0,49.255985
41051,43,47.6001947323967,0.0,46.592216
41076,43,45.4512891692543,0.0,45.60793
41101,43,43.3669785096099,0.0,43.157185
41126,43,41.3448697792965,0.0,41.11299
41151,43,38.999600122507,19.6042400551277,39.129375
41176,43,36.9391173573106,61.5298288640851,36.17869
41201,42,35.380108335978,98.3703692326821,34.912174
41226,42,37.2009972371679,100.0,38.18229
41251,42,42.866908042804,75.8440979017902,42.434692
41276,42,47.2590187889025,0.0,47.52191
41301,42,49.9507665907203,0.0,49.899147
41326,42,48.1799513235411,0.0,48.48454
41351,42,45.95172697655,0.0,46.068176
41376,42,43.8610157458724,0.0,43.58787
41401,42,42.8516791150974,0.0,41.605915
41426,42,40.8721944611819,0.0,41.026752
41451,42,38.7056366917662,10.1694053674015,38.692158
41476,42,35.4741245188402,48.8992786582371,35.92955
41501,42,32.8607735201994,100.0,32.226486
41526,42,34.9792999661418,100.0,34.289597
41551,42,40.792663745433,100.0,40.782764
41576,42,45.9132952637506,11.6547884128176,45.87786
41601,41,50.0338469449797,0.0,50.065315
41626,41,48.3491855692106,0.0,48.615803
41651,41,46.6762802336836,0.0,46.24613
41676,41,44.5992286104505,0.0,44.626534
41701,41,42.5297294475663,0.0,42.36434
41726,41,40.5090589358539,0.0,40.28137
41751,41,38.3690546914562,0.0,38.2866
41776,41,36.8333840421394,37.0326290158669,36.01285
41801,41,33.503067826105,64.4889311712438,34.249767
41826,41,34.0061260208012,100.0,33.301323
41851,41,36.8881644328699,100.0,37.543125
41876,41,42.7384554160617,63.5536232724509,42.395744
41901,41,46.9690880917734,0.0,47.24635
41926,41,48.0698060392277,0.0,48.67392
41951,41,47.0163636955184,0.0,46.42427
41976,41,45.0493431172857,0.0,45.056316
42001,49,43.136146827072,0.0,42.92144
42026,49,40.8108361802366,94.8221677791744,41.04047
42051,49,39.1636583628429,100.0,35.952393
42076,49,44.1584040004164,100.0,43.60058
42101,49,48.8653500415823,76.6055205218192,48.779186
42126,49,52.2863637643036,0.0,52.744793
42151,49,54.0075448823887,0.0,54.734634
42176,49,52.7035944916855,0.0,52.273975
42201,49,50.9285725019019,0.0,50.52828
42226,49,49.2369648255203,0.0,48.731647
42251,49,47.4697934722723,0.0,47.10551
42276,49,45.8655451543623,17.3928217783167,45.38043
42301,49,44.3476294934699,46.0723602718137,43.157887
42326,49,42.2282511077972,73.2124765152891,42.544636
42351,49,42.8152995649643,100.0,42.286407
42376,49,45.0067560537986,100.0,45.868668
42401,42,49.5553559349489,61.4720139980727,49.356762
42426,42,52.5468695567674,0.0,53.26216
42451,42,54.4947132997692,0.0,53.762115
42476,42,52.7153407475774,0.0,52.78002
42501,42,50.904779922292,0.0,50.462803
42526,42,49.4000958666907,0.0,48.70284
42551,42,48.0134780445254,0.0,47.293842
42576,42,46.0360122506523,0.0,45.968925
42601,42,44.0937190273281,0.0,43.90259
42626,42,41.9775297988359,0.0,41.979916
42651,42,40.0363433957991,0.0,39.679684
42676,42,38.0992353268141,25.0384759695053,37.884068
42701,42,34.8566066514516,59.6689022047739,35.616768
42726,42,34.3340333953844,100.0,33.26555
42751,42,36.3791857391048,100.0,37.323814
42776,42,42.0219182729127,90.4588041532612,41.91137
42801,38,47.0403639268659,0.0,46.818295
42826,38,49.844406323542,0.0,50.456116
42851,38,48.9953687223018,0.0,48.39809
42876,38,46.7803865512806,0.0,47.007748
42901,38,45.017653152433,0.0,44.43724
42926,38,43.2879307746587,0.0,43.00365
42951,38,41.7871210906618,0.0,41.331364
42976,38,39.5853311165659,0.0,39.91534
43001,38,36.625545335964,0.0,37.183006
43026,38,34.5224884919241,14.4310562959128,33.479527
43051,38,31.6676033655565,52.0264307877243,31.851408
43076,38,28.0843783206839,100.0,29.059214
43101,38,30.8422724447747,100.0,30.484507
43126,38,38.6166338912102,100.0,37.506393
43151,38,43.9100185955045,0.0,44.199165
43176,38,48.7354045128358,0.0,48.24471
43201,41,46.418294008928,0.0,47.62308
43226,41,45.1555777237467,0.0,43.97531
43251,41,42.6680506555437,0.0,43.21888
43276,41,40.7633833831833,0.0,40.02716
43301,41,38.1169430503356,0.0,38.652763
43326,41,36.0297963862963,41.3972994481791,35.281033
43351,41,33.1889637365676,78.7118284593549,33.025036
43376,41,33.9480033121199,100.0,33.90709
43401,41,38.9960021752957,100.0,38.3613
43426,41,44.1445268196217,25.7375576700111,44.311184
43451,41,48.2623241345623,0.0,48.496952
43476,41,47.3734039217021,0.0,46.755802
43501,41,45.3899802714698,0.0,45.429123
43526,41,43.7160184241527,0.0,43.25
43551,41,41.349703563811,0.0,41.756428
43576,41,39.4136736377084,0.0,38.809917
43601,35,37.632070460874,18.2193795951048,37.26006
43626,35,35.2744341660458,0.0,35.18728
43651,35,32.1819564801194,0.0,32.82169
43676,35,29.8211525121251,40.2332180676414,28.86669
43701,35,26.451823346289,82.4392184429203,26.671913
43726,35,27.3516765869342,100.0,27.424278
43751,35,34.8299052960605,100.0,33.14062
43776,35,40.4883008988129,0.0,41.10034
43801,35,46.0898419458263,0.0,45.339706
43826,35,43.4963321331904,0.0,45.17314
43851,35,41.884224660519,0.0,40.76382
43876,35,39.9078196148026,0.0,39.990135
43901,35,37.3547803615629,0.0,37.72108
43926,35,35.0450010812674,0.0,34.59929
43951,35,32.4055033713326,0.0,32.49574
43976,35,29.7668939102511,36.2022585151117,29.519283
44001,21,25.832952451092,83.3735061852625,26.50985
44026,21,27.1266699773482,0.0,26.272745
44051,21,34.1238775599217,0.0,31.67733
44076,21,30.9205630012933,0.0,33.78344
44101,21,27.8109746114379,0.0,27.488293
44126,21,24.7783908757225,0.0,24.436075
44151,21,19.6671885203088,0.0,21.445871
44176,21,15.2543078369109,13.563144872065,14.385185
44201,21,7.66817196196561,92.4465225268096,11.320834
44226,21,0.35313017053568,100.0,2.8114064
44251,21,26.6804981306574,100.0,25.810186
44276,21,35.440595382594,0.0,35.94886
44301,21,41.2939133305163,0.0,41.62211
44326,21,39.6146519770144,0.0,40.560192
44351,21,37.5507971753419,0.0,37.702652
44376,21,34.1717253644575,0.0,35.258194
44401,21,32.3106518527945,0.0,30.606205
44426,21,29.5059593518912,0.0,30.156982
44451,21,25.9111779661406,0.0,26.43522
44476,21,21.8691802356252,0.0,22.060188
44501,21,17.9124808977519,0.0,17.55656
44526,21,11.5651700026167,44.7561243146437,13.646974
44551,21,0.531881457378704,100.0,5.786668
44576,21,15.5685688457903,100.0,14.817669
44601,21,30.6696326525863,86.7311623185848,30.956589
44626,21,38.038512067431,0.0,37.79317
44651,21,42.6975022603592,0.0,42.159138
44676,21,40.6850555971705,0.0,41.743725
44701,21,38.1525907788713,0.0,38.472095
44726,21,36.1112171812153,0.0,35.42443
44751,21,32.946024278975,0.0,33.825478
44776,21,30.262587832617,0.0,29.56984
44801,27,26.9523662222458,0.0,27.313637
44826,27,23.8093257390045,0.0,23.379866
44851,27,19.3291174050858,46.4045451066025,20.36308
44876,27,14.4046303306795,100.0,14.750773
44901,27,20.3845581813167,100.0,20.483759
44926,27,31.4433491597095,100.0,32.47056
44951,27,38.9442272776182,0.0,38.556255
44976,27,44.5959033923566,0.0,44.295822
45001,27,42.1763312323273,0.0,43.73199
45026,27,40.3603422943969,0.0,39.594593
45051,27,37.9320060222115,0.0,38.32917
45076,27,35.8073234315082,0.0,35.299763
45101,27,32.7433323802076,0.0,33.44006
45126,27,29.7692282145793,0.0,29.460485
45151,27,26.8635187678361,0.0,26.541481
45176,27,23.4418452057861,0.0,23.671303
45201,40,19.2078434113345,52.8307847243977,19.729391
45226,40,13.9912581802195,100.0,14.571824
45251,40,21.101596665946,100.0,21.716375
45276,40,32.6896068603051,100.0,32.78436
45301,40,39.3254430307381,100.0,39.610405
45326,40,45.137456592134,1.4665994697454,44.699596
45351,40,48.6702385413392,0.0,49.42725
45376,40,46.9337652545392,0.0,47.40295
45401,40,45.0932124982759,0.0,44.86584
45426,40,43.6567633605482,0.0,43.05818
45451,40,41.2089670959531,0.0,41.73804
45476,40,39.0219390810898,0.0,38.591
45501,40,37.107086672386,6.82109676611483,36.627922
45526,40,34.2947895743413,41.0513844600076,34.67057
45551,40,32.1528951455627,91.3280006661595,31.26224
45576,40,32.4558731979051,100.0,32.86365
45601,49,38.8211098523063,100.0,37.84469
45626,49,43.8485613665892,100.0,44.260178
45651,49,47.8565081344354,81.5029050987985,48.505657
45676,49,51.7448811700922,9.87297538293276,51.744823
45701,49,54.2245294285995,0.0,54.419254
45726,49,52.5952031275899,0.0,52.54046
45751,49,51.4539066762509,0.0,50.37061
45776,49,49.5393342038215,0.0,49.343285
45801,49,47.879392320718,0.0,47.36254
45826,49,46.3522555220617,9.43236326478302,45.794765
45851,49,44.4989426937025,36.73256977033,43.914948
45876,49,41.8767197760977,69.8667653961364,42.024563
45901,49,41.9755462602391,100.0,41.32724
45926,49,44.3031669237739,100.0,44.841
45951,49,48.814639976404,73.4101285650712,48.73956
45976,49,53.0389614925617,0.0,52.675503
46001,36,54.2608398626616,0.0,55.18882
46026,36,52.5733635387413,0.0,52.445396
46051,36,50.7137082933228,0.0,50.340042
46076,36,49.4295399703644,0.0,48.5097
46101,36,47.2718194215299,0.0,47.35803
46126,36,46.5434641844918,0.0,44.987522
46151,36,43.8758863446365,0.0,44.65076
46176,36,42.0347416034589,0.0,41.077362
46201,36,39.8185971328075,0.0,39.995724
46226,36,37.3948369868089,0.0,37.405067
46251,36,35.7653908423608,0.0,34.761562
46276,36,32.1462764997238,0.0,33.86437
46301,36,30.0021869367956,58.0976162496265,28.334414
46326,36,27.0489984429735,96.4322830715034,26.418339
46351,36,30.5435295763508,100.0,30.45507
46376,36,37.293531361563,86.790950475849,36.9168
46401,24,43.1802034234073,0.0,42.742344
46426,24,46.6902986624107,0.0,46.662533
46451,24,45.0536791692048,0.0,45.444622
46476,24,42.9170160257874,0.0,43.05967
46501,24,41.6385530721912,0.0,40.60922
46526,24,38.4745000431225,0.0,39.807396
46551,24,36.5312841684283,0.0,35.154404
46576,24,34.2274148362917,0.0,34.34222
46601,24,31.340037415292,0.0,31.675577
46626,24,28.3679379545795,0.0,28.209648
46651,24,24.2916128868753,0.0,25.128134
46676,24,21.3446333341228,0.0,19.970755
46701,24,16.3567540467041,36.3811678749779,18.0586
46726,24,8.96658274346579,100.0,11.697253
46751,24,14.598588524055,100.0,14.280188
46776,24,29.4141777127687,100.0,30.46336
46801,46,37.8014699046093,0.0,37.21959
46826,46,43.232231624538,100.0,43.477077
46851,46,41.1582466739192,38.4786090435664,42.110043
46876,46,46.2841810208243,75.5576012109809,44.75533
46901,46,46.142590207611,0.0,47.453735
46926,46,48.6975928987012,0.0,48.129005
46951,46,46.3793645975956,0.0,47.249096
46976,46,44.683765929858,0.0,43.934944
47001,46,42.3598794770072,12.5420922139492,42.69136
47026,46,40.6835366638822,54.0846589993068,39.42752
47051,46,38.7155896450849,84.057850167446,38.39068
47076,46,40.4557561233049,100.0,40.06879
47101,46,44.2366565853268,88.1590708856242,44.302395
47126,46,48.50829779422,20.5885179607032,48.579414
47151,46,50.9352644407385,0.0,51.626717
47176,46,49.6344011788724,0.0,49.207764
47201,49,48.6454177869039,0.0,47.553894
47226,49,46.6587693391634,0.0,46.645798
47251,49,44.7562351175878,30.8971739969823,44.516685
47276,49,43.6028186905218,64.9104809527756,41.995865
47301,49,42.189290033644,85.5377830434661,42.987064
47326,49,44.9200379346744,100.0,43.979355
47351,49,48.1643010252586,62.0212081184637,48.424763
47376,49,51.7001349761285,4.03960348502968,51.85189
47401,49,52.4676141550518,0.0,52.72129
47426,49,51.24111655502,0.0,50.73039
47451,49,49.4475366913516,0.0,49.123264
47476,49,47.6687219621445,0.0,47.293118
47501,49,45.6868545388309,12.8792105334402,45.57136
47526,49,43.9265427569844,48.3082225567542,42.981453
47551,49,42.0055972174567,79.7815898319585,41.852474
47576,49,42.518212143681,100.0,42.48089
47601,20,45.9982859854887,100.0,45.919083
47626,20,49.7053464690273,0.0,50.320023
47651,20,53.6117644402363,0.0,53.33395
47676,20,52.179614841296,0.0,52.214886
47701,20,50.7188398985796,0.0,49.999676
47726,20,48.6466361948359,0.0,48.579166
47751,20,47.4295408082104,0.0,46.43721
47776,20,44.9048902932469,0.0,45.430344
47801,20,42.575935182732,0.0,42.251297
47826,20,41.0621593038744,0.0,40.083553
47851,20,39.0332257279657,0.0,39.209885
47876,20,37.1310442927914,0.0,36.78829
47901,20,33.8085578915625,0.0,34.98661
47926,20,31.6269346465935,0.0,30.292744
47951,20,28.2125804773809,0.0,29.164408
47976,20,24.9760479413573,0.0,24.5545
48001,28,21.3396242325213,0.0,21.45332
48026,28,16.6226621549173,100.0,17.403893
48051,28,10.0084620315575,100.0,7.2631583
48076,28,28.3411652624867,100.0,29.192438
48101,28,37.1219838596249,0.0,36.633884
48126,28,42.6710511491716,0.0,42.968662
48151,28,40.1691945422462,0.0,41.850323
48176,28,38.7445003976698,0.0,37.489937
48201,28,36.164785617606,0.0,36.976727
48226,28,33.2600994524524,0.0,33.372314
48251,28,31.076736284677,0.0,30.13251
48276,28,27.3932241471671,0.0,28.607101
48301,28,24.3083980433594,0.0,23.473375
48326,28,19.7251498300473,54.2340612976251,20.92197
48351,28,14.6827475520765,100.0,14.855024
48376,28,21.5280868010814,100.0,22.317438
48401,44,33.0701704978936,100.0,32.9875
48426,44,39.5004930267279,100.0,39.92321
48451,44,44.9382316714298,68.7757809846273,44.83314
48476,44,49.404483030375,0.0,49.25079
48501,44,51.4194688752411,0.0,51.40532
48526,44,49.0144810405188,0.0,49.808113
48551,44,47.2058258574012,0.0,46.514534
48576,44,45.992300266248,0.0,45.117863
48601,44,43.5207028987068,0.0,44.037846
48626,44,41.1955612841451,0.0,40.903316
48651,44,39.4519336492408,38.4317478246618,38.693035
48676,44,37.8127533052888,69.6056892406566,36.70681
48701,44,37.8774111313924,98.9167372148882,37.872307
48726,44,40.6991971162278,97.7755340711345,41.14496
48751,44,45.2256919931782,47.350512982516,45.49041
48776,44,49.2720717047773,0.0,49.157616
48801,40,49.267295329742,0.0,49.60828
48826,40,47.8833277359869,0.0,47.408497
48851,40,46.560147710166,0.0,45.84321
48876,40,44.9304135158519,0.0,44.57051
48901,40,42.7694937982377,0.0,42.941307
48926,40,40.6445913045075,0.0,40.43737
48951,40,38.2692599829209,0.0,38.325264
48976,40,35.68252849001,19.2027083688108,35.690315
49001,40,33.6154158444039,65.4446053704836,32.719696
49026,40,31.2101901041108,100.0,31.560322
49051,40,34.8418917014908,100.0,34.83116
49076,40,41.1654970941621,80.5168425789975,40.80293
49101,40,45.8736949096052,0.0,46.08685
49126,40,48.6431656485898,0.0,48.812153
49151,40,47.3131447270164,0.0,47.22818
49176,40,45.0766013515569,0.0,45.299263
49201,44,43.7524660675643,0.0,42.696186
49226,44,41.3378425963595,0.0,41.848957
49251,44,39.9311646347483,35.8483974825416,38.752415
49276,44,37.4991910768031,60.9990287716334,37.26375
49301,44,37.0607478974844,100.0,37.014084
49326,44,39.6346676614919,100.0,39.84948
49351,44,44.7087258639428,66.3401018473508,44.693413
49376,44,48.9422170730914,0.0,48.9559
49401,44,50.4003642496966,0.0,50.749424
49426,44,48.6683951833528,0.0,48.7372
49451,44,46.016596873803,0.0,46.547886
49476,44,45.2526323452137,0.0,43.254257
49501,44,43.3459074365144,0.0,43.39379
49526,44,41.0558849259456,0.0,41.258183
49551,44,39.8094050032811,40.9006274807598,38.585064
49576,44,36.5027413317611,63.1883821290996,37.12015
49601,33,36.9430302350908,100.0,36.20257
49626,33,39.1779328116337,0.0,40.02187
49651,33,44.7133790125928,0.0,43.65941
49676,33,43.1026741411753,0.0,43.828644
49701,33,40.3653216454986,0.0,41.172417
49726,33,38.4767520760527,0.0,37.466118
49751,33,36.4264753933324,0.0,36.358536
49776,33,33.8198654431382,0.0,34.135487
49801,33,31.0259046235858,0.0,30.978714
49826,33,28.1535693070192,23.4806147660408,27.980406
49851,33,24.3799672037149,74.8282526090413,25.102663
49876,33,22.7855048693499,100.0,22.390268
49901,33,30.2658268473286,100.0,29.969662
49926,33,37.4673176476932,37.1273585311643,37.325394
49951,33,42.9851243404699,0.0,42.900856
49976,33,43.5507775580727,0.0,42.886642
50001,35,40.8063028968534,0.0,41.960243
50026,35,38.1781636986805,0.0,37.904774
50051,35,37.1250048501017,0.0,35.3601
50076,35,33.8835564365828,0.0,35.46898
50101,35,31.3734051941397,8.13191916002849,30.444843
50126,35,28.7712431856888,53.003499052182,28.347572
50151,35,24.9944421967148,99.5256765175224,25.882452
50176,35,28.0926535821167,100.0,28.114237
50201,35,36.5730452512638,100.0,36.0395
50226,35,42.3152706406317,0.0,42.593956
50251,35,46.9489970064671,0.0,46.94475
50276,35,45.402252341051,0.0,45.86242
50301,35,43.512795444331,0.0,43.412064
50326,35,41.7828357456623,0.0,41.442642
50351,35,39.0276963686234,0.0,39.837433
50376,35,37.1353884235444,0.0,36.098415
50401,39,34.2796624528764,0.0,35.000305
50426,39,31.5932408536188,72.4931501675556,31.208351
50451,39,28.6083090805275,100.0,27.27447
50476,39,33.9499627861135,100.0,33.10626
50501,39,40.5624196902865,78.4395071588034,40.219303
50526,39,45.1324339381111,0.0,45.586376
50551,39,47.8802243955268,0.0,47.97064
50576,39,46.5785628378703,0.0,46.485172
50601,39,44.1235543169475,0.0,44.591846
50626,39,42.6019052308881,0.0,41.527794
50651,39,40.6718330301894,0.0,40.701828
50676,39,38.1803475261273,0.0,38.53636
50701,39,35.4690356734243,2.7519790726844,35.49107
50726,39,33.2584563663951,51.218606672195,32.510418
50751,39,30.978699903355,90.7410183789209,30.096457
50776,39,32.578604587515,100.0,33.01186
50801,29,38.3116106080131,100.0,38.01767
50826,29,43.9540277684431,0.0,43.79334
50851,29,48.1386322699284,0.0,48.335636
50876,29,46.5255680062325,0.0,46.94921
50901,29,45.0781309714949,0.0,44.490135
50926,29,42.7733935049292,0.0,43.113953
50951,29,40.6332759026702,0.0,40.30579
50976,29,37.8951701650171,0.0,38.2995
51001,29,36.4227869257818,0.0,34.97067
51026,29,33.4318742370151,0.0,34.67027
51051,29,31.3757667270347,0.0,30.224743
51076,29,28.3982014669864,0.0,29.02902
51101,29,23.9404738171477,0.0,25.153547
51126,29,20.2272190779048,78.3035221926039,19.258474
51151,29,15.73559152926,100.0,14.121138
51176,29,27.1106851216923,100.0,27.145472
51201,46,35.5716322996908,21.6997401472606,35.505775
51226,46,42.2022056037989,100.0,41.411682
51251,46,39.8117048645884,55.8427888778725,43.862247
51276,46,45.1840396426931,98.5819239025768,43.480545
51301,46,46.4583148966731,2.56599770826132,47.636433
51326,46,50.6446636258263,0.0,49.867523
51351,46,49.1652965717936,0.0,49.447712
51376,46,47.0574711019723,0.0,47.070354
51401,46,45.0443810484441,0.0,44.81749
51426,46,43.5882493640731,5.04237580927515,42.873676
51451,46,41.0842721736695,31.0729777609912,41.46702
51476,46,39.5263378316398,75.8372436828269,38.38938
51501,46,37.8875228688624,100.0,38.7506
51526,46,41.8519614381608,100.0,41.383305
51551,46,46.8301088468686,62.1606762224582,46.67866
51576,46,50.6662017321275,0.0,50.84143
51601,23,51.8559534194215,0.0,52.00744
51626,23,49.868681911576,0.0,50.10873
51651,23,48.0408390349609,0.0,47.670013
51676,23,46.5401327319318,0.0,45.924118
51701,23,44.9363265435609,0.0,44.522423
51726,23,42.930072213362,0.0,42.95123
51751,23,40.4018882770902,0.0,40.745296
51776,23,38.7053572504217,0.0,37.70015
51801,23,36.5871286444621,0.0,36.769703
51826,23,33.6499993941219,0.0,34.2337
51851,23,31.3093895605864,0.0,30.495718
51876,23,28.2218017581674,0.0,28.693895
51901,23,24.9726553474629,0.0,24.871727
51926,23,20.9644514335433,0.0,21.438007
51951,23,15.982087994889,23.8815006632045,16.675762
51976,23,9.33589579098476,100.0,11.585952
52001,31,7.88892935394489,100.0,8.263472
52026,31,28.0319046230717,100.0,28.813513
52051,31,36.7385135136161,40.6585867652255,36.528107
52076,31,42.080739369907,0.0,42.457176
52101,31,42.5689594666561,0.0,42.318073
52126,31,40.7008648609447,0.0,40.996
52151,31,38.3100797958556,0.0,38.62408
52176,31,36.0429225751024,0.0,35.71698
52201,31,33.9227717634434,0.0,33.54375
52226,31,30.2127241631865,0.0,31.541023
52251,31,28.3127646446124,1.55787911725774,26.295933
52276,31,24.5796057513688,35.521507578177,26.06892
52301,31,19.8160656807272,100.0,20.797947
52326,31,20.7558799933942,100.0,20.341463
52351,31,32.6672055683985,100.0,32.732082
52376,31,39.3521157473031,0.0,39.613453
52401,44,44.4478193938522,0.0,44.507298
52426,44,42.6974447154506,0.0,43.505806
52451,44,40.529738546339,10.8175625598697,40.73421
52476,44,38.261541489119,49.568374594046,37.739773
52501,44,35.7836477534252,90.1205607819239,35.637325
52526,44,37.5956135219388,100.0,37.168385
52551,44,42.578092156186,100.0,42.2618
52576,44,46.8938985158204,13.0101126195967,47.375435
52601,44,50.6093374841446,0.0,50.80187
52626,44,49.2368207547647,0.0,49.11934
52651,44,47.8110174977525,0.0,47.156956
52676,44,44.7261267211256,0.0,45.766357
52701,44,43.5883679117492,0.0,41.54285
52726,44,41.9176504734453,0.0,41.72003
52751,44,39.8933063163313,24.7744714859866,40.011868
52776,44,36.986889383331,60.9645220216617,37.315323
52801,21,36.2861670692494,100.0,35.23968
52826,21,38.6901421015377,0.0,39.134956
52851,21,44.0549667585243,0.0,43.268875
52876,21,41.7091141678332,0.0,43.16486
52901,21,39.6060053171028,0.0,39.192184
52926,21,37.0044543202226,0.0,37.296883
52951,21,35.1847415557196,0.0,34.199764
52976,21,32.7722189209768,0.0,33.098648
53001,21,29.6910247306829,0.0,30.103527
53026,21,26.6566244098924,0.0,26.361593
53051,21,23.0672018823429,0.0,23.341082
53076,21,17.9298104483041,0.0,19.192953
53101,21,12.756934809318,42.1015374417103,12.648775
53126,21,3.04504784640203,100.0,7.843482
53151,21,15.329896882474,100.0,14.720541
53176,21,29.9219226066693,88.6438458876462,30.818647
53201,25,37.6640257734604,0.0,37.20632
53226,25,42.8003186771438,0.0,42.08493
53251,25,40.4827497166045,0.0,41.914345
53276,25,38.0186034875788,0.0,37.980263
53301,25,34.8518776425628,0.0,35.35348
53326,25,33.680037899786,0.0,31.493221
53351,25,30.4483899470872,0.0,32.10724
53376,25,26.7781836619429,0.0,26.98472
53401,25,23.9248177251138,0.0,22.86475
53426,25,19.1143051826031,6.30267227065064,20.752678
53451,25,13.9097334680059,92.2931133343304,14.427377
53476,25,5.81540830692469,100.0,5.800527
53501,25,26.8273045251533,100.0,26.895489
53526,25,35.9061521991041,0.0,35.626892
53551,25,41.7303524346506,0.0,42.04706
53576,25,40.1005536806223,0.0,40.97906
53601,38,37.2340277907033,0.0,38.230606
53626,38,35.2414381996762,0.75830175199151,34.18194
53651,38,31.830387139806,36.3776426412236,32.983704
53676,38,29.8158528029139,97.3566698530382,28.100542
53701,38,30.0037957188524,100.0,29.550697
53726,38,36.9251284733392,100.0,36.74232
53751,38,43.0268528786722,6.34074680723861,42.758427
53776,38,47.54600293914,0.0,47.60065
53801,38,45.3558465383889,0.0,46.432476
53826,38,43.5582873646139,0.0,43.02192
53851,38,41.5479930790404,0.0,41.55925
53876,38,39.6770462201,0.0,39.34565
53901,38,38.2336711276207,0.0,37.58739
53926,38,34.3630160923321,0.0,36.477722
53951,38,32.5840717576763,52.0635294934106,30.336193
53976,38,28.9485696729683,83.8707154800246,29.46553
54001,41,31.3866674525972,100.0,31.018332
54026,41,37.3425912180083,100.0,36.64971
54051,41,42.4785426094074,52.4938299524433,43.0222
54076,41,47.1112687173499,0.0,46.878532
54101,41,48.4378599310382,0.0,47.94599
54126,41,47.0336822108739,0.0,46.81472
54151,41,44.4941078003616,0.0,45.016407
54176,41,43.0424663324152,0.0,41.822357
54201,41,40.7160468922718,0.0,41.14017
54226,41,38.9116265790703,0.0,38.207542
54251,41,36.1735942215626,24.3940233026223,36.87703
54276,41,33.7250725281423,73.3412645915467,33.20307
54301,41,31.9313521393746,100.0,31.852077
54326,41,36.5055979868385,100.0,36.072723
54351,41,43.0632988438387,67.4564996678034,42.22908
54376,41,46.8592787661871,0.0,47.7091
54401,25,49.0852363113237,0.0,48.99529
54426,25,47.4333820615922,0.0,47.576073
54451,25,45.1187469135166,0.0,45.363785
54476,25,43.472805368788,0.0,42.665173
54501,25,41.8828018111462,0.0,41.525356
54526,25,39.3849099531647,0.0,39.99268
54551,25,36.9996506534297,0.0,36.70159
54576,25,34.9215777947874,0.0,34.398712
54601,25,32.2420529071879,0.0,32.589417
54626,25,28.8283680569245,0.0,29.3165
54651,25,24.6471800563148,0.0,25.177052
54676,25,21.159121338993,0.0,20.231052
54701,25,17.057499655475,55.4161431502318,17.361395
54726,25,11.0871225032297,100.0,12.244198
54751,25,20.6294931209831,100.0,21.061768
54776,25,32.252161441957,64.9436979905801,32.53716
54801,32,39.8451401027877,0.0,38.82763
54826,32,41.6176050127271,0.0,42.311543
54851,32,39.8684813582556,0.0,40.267727
54876,32,36.6268574238236,0.0,37.894794
54901,32,35.0949679271392,0.0,33.21528
54926,32,31.9527388769641,0.0,33.278652
54951,32,29.1358822805064,0.0,28.58831
54976,32,26.007332336666,37.9325665491172,26.050001
55001,32,22.1801522711223,93.8621346321987,22.473557
55026,32,23.8180733807121,100.0,23.620348
55051,32,33.3799530888068,100.0,33.177418
55076,32,39.5524240034848,0.0,40.054565
55101,32,45.0297772232927,0.0,44.59688
55126,32,42.876581486123,0.0,44.126797
55151,32,41.5770724821039,0.0,40.55281
55176,32,39.0868194364016,0.0,39.7444
55201,27,36.1196549666444,0.0,36.407722
55226,27,33.9247729997312,0.0,32.961647
55251,27,31.1178596674137,0.0,31.472628
55276,27,28.0952980120705,0.0,28.061077
55301,27,25.1388740909336,0.0,24.80524
55326,27,20.9877844394238,19.9008092975548,21.881704
55351,27,15.5647215205222,94.1059151169926,17.16737
55376,27,12.17325391201,100.0,11.221374
55401,27,28.8488909191122,100.0,28.618132
55426,27,35.9793011375715,0.0,36.911594
55451,27,42.2704913225926,0.0,41.748753
55476,27,39.9920674734988,0.0,41.572453
55501,27,38.2083343620404,0.0,37.521595
55526,27,35.6362931820429,0.0,36.18624
55551,27,33.5599312523104,0.0,32.845787
55576,27,30.1092905070825,0.0,31.215837
55601,39,27.3463862107325,0.0,26.435902
55626,39,24.2077936544007,100.0,24.293535
55651,39,19.9463887790696,100.0,16.8428
55676,39,32.0695362962336,100.0,32.432026
55701,39,39.4184765254065,100.0,39.14472
55726,39,44.185172020611,0.0,44.82251
55751,39,48.5062013830189,0.0,48.399887
55776,39,46.8271155041888,0.0,47.325905
55801,39,45.1673046587537,0.0,44.77174
55826,39,43.2777603632803,0.0,43.166054
55851,39,40.7062237827665,0.0,41.205345
55876,39,38.8746044791764,0.0,37.966652
55901,39,36.1315503372551,0.0,36.81401
55926,39,34.3751419146547,37.8667237242883,33.184834
55951,39,31.2264634088529,69.2692723061018,31.67185
55976,39,31.9719518506116,100.0,31.642427
56001,21,36.0931672954107,100.0,36.23892
56026,21,41.9540635289905,0.0,41.856518
56051,21,46.0881606027915,0.0,46.649506
56076,21,44.3816230182952,0.0,44.953484
56101,21,43.0319889036553,0.0,42.39641
56126,21,40.5273570769855,0.0,41.146507
56151,21,38.3644988891738,0.0,37.849056
56176,21,35.6733717168527,0.0,35.986717
56201,21,33.4297708339167,0.0,32.771023
56226,21,31.4848483933731,0.0,30.926792
56251,21,27.8582620238534,0.0,29.24395
56276,21,24.7175358738102,0.0,23.996677
56301,21,20.4688355194932,0.0,21.282509
56326,21,15.0156731930588,0.0,15.95285
56351,21,7.54510581544803,93.1659760410259,9.772408
56376,21,0.214376691948999,100.0,0.0
56401,50,27.2614788128253,100.0,25.914154
56426,50,35.7167519601406,100.0,36.485394
56451,50,41.7755778129634,100.0,41.896652
56476,50,46.7290857861836,100.0,46.745995
56501,50,50.3146067541289,44.8647965504365,51.063046
56526,50,53.6991321132921,0.0,53.997288
56551,50,54.8774008530788,0.0,53.544186
56576,50,52.9587758321986,0.0,53.036766
56601,50,51.6054664926234,0.0,50.676247
56626,50,50.2327507733371,0.0,49.455914
56651,50,46.7763146281967,0.0,48.122246
56676,50,45.533393288277,43.9960744926851,43.263344
56701,50,44.0108053362439,66.2208771635867,42.571514
56726,50,43.844112281547,93.4476444984683,43.8008
56751,50,46.0085566533412,96.4413724316209,46.02458
56776,50,49.5859649506307,57.7664110116574,49.759583
56801,40,52.7113171853674,0.0,52.94503
56826,40,53.7311658635166,0.0,53.63839
56851,40,52.2993975360232,0.0,51.90157
56876,40,50.6778753805897,0.0,50.115833
56901,40,49.1299478521827,0.0,48.513466
56926,40,47.838048183629,0.0,47.025005
56951,40,45.6687621440201,0.0,45.814198
56976,40,44.0001526318346,0.0,43.357616
57001,40,41.604066191624,0.0,42.03295
57026,40,39.7960594336974,0.0,39.038754
57051,40,37.6417205980034,0.0,37.766888
57076,40,35.6719195484562,28.4017522846213,35.26477
57101,40,32.1252966433124,63.6174938975696,33.19017
57126,40,31.1420123500215,100.0,31.278584
57151,40,34.2927877181602,100.0,34.864883
57176,40,40.7562629480473,88.3190208289658,40.31751
57201,33,45.7843399650539,0.0,45.745243
57226,33,49.5183692709886,0.0,49.132862
57251,33,47.4660052739769,0.0,48.22012
57276,33,45.8864895470605,0.0,45.274853
57301,33,43.5369706633696,0.0,43.87611
57326,33,42.1367566941098,0.0,41.03478
57351,33,39.6720122495582,0.0,40.270607
57376,33,37.6537997115893,0.0,37.02278
57401,33,34.9430628960604,0.0,35.40524
57426,33,32.6603656466543,0.0,32.01497
57451,33,29.2837349650996,0.0,30.112888
57476,33,26.74734218937,52.5325060487937,25.671867
57501,33,22.4370948150784,97.8792694284553,23.09834
57526,33,26.0232050046875,100.0,25.881538
57551,33,35.8546743177184,100.0,34.802666
57576,33,40.9970355238175,0.0,42.111473
57601,35,46.7653766695593,0.0,45.704803
57626,35,44.3328971319764,0.0,45.852955
57651,35,42.8243584186135,0.0,41.760452
57676,35,40.6926784216408,0.0,40.919563
57701,35,38.0237113907149,0.0,38.367443
57726,35,36.1336899634355,0.0,35.165646
57751,35,33.1677171452186,0.0,33.990788
57776,35,29.8298905891809,18.8042971624629,29.981455
57801,35,26.9414412788476,78.4722572970519,26.37102
57826,35,24.8656545636885,100.0,24.073654
57851,35,31.1021929958402,100.0,31.423746
57876,35,38.8241162086244,55.7848132674379,37.949497
57901,35,43.9406097967888,0.0,44.029514
57926,35,45.1935573678751,0.0,45.142593
57951,35,42.3908616679273,0.0,43.657955
57976,35,42.2967774188854,0.0,39.45025
58001,25,39.2795662851529,0.0,40.63756
58026,25,36.9463159110178,0.0,36.10586
58051,25,34.9674422201526,0.0,34.39386
58076,25,31.5336828158974,0.0,32.72921
58101,25,29.3202392993665,0.0,27.890373
58126,25,26.1161764750563,0.0,26.804777
58151,25,21.8307787754089,0.0,22.635387
58176,25,16.9807180778803,42.5686455634135,17.291725
58201,25,11.2135467899674,100.0,12.297426
58226,25,17.2176960191229,100.0,17.905838
58251,25,30.7326763146284,100.0,31.255949
58276,25,38.0892087912395,0.0,38.178368
58301,25,43.8458407394576,0.0,43.5527
58326,25,42.0637682792908,0.0,43.02029
58351,25,39.8571305544926,0.0,40.078907
58376,25,37.3323129930981,0.0,37.452957
58401,34,34.8390017267558,0.0,34.60319
58426,34,32.5542408987926,0.0,32.114746
58451,34,29.978843584551,11.6441288054385,30.00376
58476,34,26.5204491784021,57.6827569457928,26.950748
58501,34,22.9645233296128,100.0,23.479876
58526,34,27.3555352347743,100.0,27.059668
58551,34,36.2296999892231,100.0,35.742653
58576,34,42.51829532129,0.0,42.345722
58601,34,45.7913299052488,0.0,47.204327
58626,34,44.5309191741211,0.0,44.53772
58651,34,42.881535344305,0.0,42.613792
58676,34,40.4327003238015,0.0,40.951256
58701,34,38.4188817480428,0.0,37.80603
58726,34,36.2737797884588,0.0,36.18207
58751,34,34.3361690917971,0.0,33.89192
58776,34,30.9357596511301,0.0,32.13054
58801,45,27.2991071429149,40.5161699183041,27.317926
58826,45,24.2058916892487,100.0,23.37956
58851,45,25.9073404817107,100.0,25.898996
58876,45,35.2432628585202,100.0,35.118935
58901,45,41.1824383672554,100.0,41.576626
58926,45,46.3789305852606,54.1474241888734,46.219746
58951,45,50.3057211672884,0.0,50.450104
58976,45,50.6971806799249,0.0,51.090965
59001,45,49.56692573706,0.0,48.858845
59026,45,48.2285198394441,0.0,47.51608
59051,45,45.9545547075472,0.0,46.185158
59076,45,43.9661560214728,0.0,43.547623
59101,45,42.1910812559249,4.34773929701362,41.808376
59126,45,40.1332565611783,36.079632849141,40.042416
59151,45,37.8671742579322,72.8698572490823,37.59338
59176,45,37.0860071497627,100.0,37.786148
59201,21,40.4485604613815,100.0,40.60623
59226,21,45.5794420427828,0.0,45.438465
59251,21,49.8036111600015,0.0,49.690002
59276,21,48.038456038363,0.0,48.569527
59301,21,46.0982435273658,0.0,45.93194
59326,21,44.1473406158582,0.0,43.990574
59351,21,42.2691945310819,0.0,42.02603
59376,21,40.1567629946279,0.0,40.198013
59401,21,38.123162934007,0.0,37.844322
59426,21,35.7958375562052,0.0,35.864773
59451,21,33.2288486319795,0.0,33.23751
59476,21,30.5359075709346,0.0,30.419153
59501,21,27.1555535901423,0.0,27.580727
59526,21,23.8343428453011,0.0,23.518997
59551,21,19.3885862537632,0.0,20.22046
59576,21,14.9931252137659,14.1367017390697,14.687212
59601,40,6.16671352356794,92.7093586798594,11.10335
59626,40,0.0956384984422658,100.0,2.406278
59651,40,26.8799352267581,100.0,25.864365
59676,40,35.7668007551655,100.0,36.150562
59701,40,41.913865786807,61.2233723195228,41.96964
59726,40,46.5289265021821,0.0,46.51608
59751,40,48.0156037677482,0.0,48.02223
59776,40,46.0006858713894,0.0,46.42906
59801,40,43.4010887241598,0.0,43.837147
59826,40,42.6147238794232,0.0,40.661903
59851,40,39.9328054080003,0.0,40.83326
59876,40,38.3001910706012,0.0,37.08153
59901,40,35.2954292567842,15.8821499182251,36.41968
59926,40,33.4554879285401,69.5962661407101,31.931408
59951,40,30.4402845809246,100.0,31.18331
59976,40,34.9423751821743,100.0,34.42957
60001,50,40.3571584844721,75.9560604222076,40.959595
60026,50,45.9841390533663,100.0,45.335384
60051,50,48.0168771688162,57.3691140717,49.49406
60076,50,51.78856194354,21.0433675709102,51.523354
60101,50,52.9153381582966,0.0,51.791073
60126,50,51.4967469588408,0.0,50.967693
60151,50,49.9167852215954,0.0,49.339985
60176,50,48.6519363921182,0.0,47.78249
60201,50,46.432581671977,9.68195799140197,46.60745
60226,50,45.9831133974879,49.3560949335646,43.67254
60251,50,43.2771587532318,57.3987326916736,43.64941
60276,50,43.6444698469282,100.0,42.755478
60301,50,44.6830538188353,99.2272513676937,45.585407
60326,50,49.1836010593397,80.6775142545385,48.97655
60351,50,53.1751270200782,0.242740446413871,52.92873
60376,50,55.1146196616471,0.0,55.884037
60401,26,53.5827134286751,0.0,53.385685
60426,26,51.7223814868297,0.0,51.343533
60451,26,50.4629632001469,0.0,49.48727
60476,26,48.2968717852688,0.0,48.3637
60501,26,46.3256578414378,0.0,46.01431
60526,26,45.3902240565213,0.0,44.195553
60551,26,42.8931228961976,0.0,43.4993
60576,26,41.0210855982367,0.0,40.245457
60601,26,39.1138561394363,0.0,38.943768
60626,26,36.2837218316276,0.0,36.984406
60651,26,34.0472438981214,0.0,33.256462
60676,26,31.0852119495167,0.0,31.557121
60701,26,28.0770648047372,0.0,27.881935
60726,26,25.3070580342433,0.0,24.800402
60751,26,20.9422024647812,0.0,22.22722
60776,26,16.5125699789659,75.5470536848087,16.322195
60801,40,9.63183293866792,100.0,9.708643
60826,40,24.4032530062029,100.0,24.809355
60851,40,34.3095251549752,100.0,34.186024
60876,40,41.7901286285954,86.9985107057326,40.844246
60901,40,45.8752524895768,0.0,46.68816
60926,40,48.4209150395029,0.0,49.01173
60951,40,46.8434000495577,0.0,46.97942
60976,40,45.169778067913,0.0,44.803944
61001,40,43.3065226014415,0.0,43.166214
61026,40,41.4509363796759,0.0,41.258774
61051,40,40.0746878781195,0.0,39.393105
61076,40,37.1750163238427,0.0,38.27578
61101,40,34.3852330100356,35.7137712655799,34.091106
61126,40,32.1969941348469,85.5877937739798,31.066906
61151,40,32.1387882968948,100.0,32.23066
61176,40,37.0573634142912,100.0,37.14834
61201,41,43.3677878928518,37.8735216090844,42.704796
61226,41,47.6546653167002,0.0,47.96221
61251,41,47.080126066219,0.0,47.3163
61276,41,45.9051464121136,0.0,45.19593
61301,41,43.7131684002436,0.0,43.959606
61326,41,41.8198865415753,0.0,41.36117
61351,41,39.7251315726858,0.0,39.7305
61376,41,37.4209743286731,8.01370864391829,37.42506
61401,41,35.3990098706532,49.20351850862,34.592396
61426,41,32.5587207723642,85.3545528536176,32.64727
61451,41,34.0510412104718,100.0,34.074924
61476,41,39.2962648382637,100.0,38.872448
61501,41,45.1319321571274,15.7405021717939,44.577393
61526,41,48.6229954921123,0.0,49.42298
61551,41,46.8869055648457,0.0,47.13411
61576,41,44.6135939840815,0.0,44.82047
61601,38,43.5116620057194,0.0,42.193928
61626,38,41.5547640401948,0.0,41.651478
61651,38,39.3848453383261,0.0,39.402798
61676,38,36.8551931057392,0.0,37.01056
61701,38,34.8814785233528,5.67907741922182,34.116764
61726,38,31.8786594324036,40.9619187375985,32.426292
61751,38,28.298934600524,94.6446463100885,28.634672
61776,38,29.7719761987642,100.0,29.215113
61801,38,36.8278500338287,100.0,36.14264
61826,38,42.6750093496265,6.23444294564555,42.6899
61851,38,47.4316075277009,0.0,47.24254
61876,38,44.6302518710388,0.0,46.356636
61901,38,43.3699065947637,0.0,41.71318
61926,38,41.5560061217422,0.0,41.488476
61951,38,39.467292607465,0.0,39.53784
61976,38,36.8821223611608,0.0,37.170345
62001,28,34.9100739520594,5.19384907812489,34.091644
62026,28,32.05209584658,0.0,32.477768
62051,28,28.9509553817546,0.0,29.085943
62076,28,25.7520797691668,0.0,25.595362
62101,28,21.9623292052788,25.3679645901764,22.272558
62126,28,17.2530941697173,93.1150441520172,18.249928
62151,28,16.2703934932883,100.0,14.895213
62176,28,29.5201028613309,100.0,29.593727
62201,28,37.3283143768628,0.0,37.180965
62226,28,43.100398077745,0.0,42.98515
62251,28,40.9725700736796,0.0,42.299774
62276,28,38.7010393807505,0.0,38.65374
62301,28,35.8466387200833,0.0,36.224205
62326,28,33.5072929041744,0.0,32.79217
62351,28,30.7381129582717,0.0,30.914867
62376,28,27.6974784383811,0.0,27.713104
62401,47,24.8597550131831,0.0,24.386421
62426,47,21.1274929773505,100.0,21.711653
62451,47,16.240025223519,100.0,12.973288
62476,47,30.4206411755895,100.0,30.726727
62501,47,37.1120737864019,100.0,37.979782
62526,47,43.3727707515917,100.0,42.89231
62551,47,47.494165512834,50.1891766481277,48.16406
62576,47,51.6921616382137,0.0,51.336887
62601,47,51.882264078046,0.0,52.096558
62626,47,50.656713533186,0.0,49.974804
62651,47,49.0598386123275,0.0,48.55698
62676,47,46.6791095737737,0.0,46.949135
62701,47,44.5818448481173,0.0,44.178783
62726,47,42.507128133476,28.5491305744779,42.327744
62751,47,41.8225057704791,65.6403805586862,39.80972
62776,47,40.6163827303387,77.8885747783212,41.240704
62801,27,42.650026831763,99.4602041760074,42.348103
62826,27,46.2187533428393,0.0,46.116695
62851,27,50.1300829380924,0.0,49.99987
62876,27,48.2964539343478,0.0,48.839615
62901,27,46.2657263836524,0.0,46.17094
62926,27,44.269409710195,0.0,44.08997
62951,27,42.9480972597675,0.0,42.107086
62976,27,40.2316171738406,0.0,41.069767
63001,27,38.1538306660301,0.0,37.350746
63026,27,36.0752128479518,0.0,35.854115
63051,27,33.3859322910672,0.0,33.75402
63076,27,31.2136222016402,0.0,30.46256
63101,27,27.916241041853,0.0,28.75576
63126,27,23.7208249149736,0.0,24.36543
63151,27,19.9437006529495,43.5675014322041,19.282066
63176,27,14.867246200826,100.0,15.8467045
63201,47,19.1657429112959,100.0,19.956116
63226,47,31.5580919700649,100.0,31.932955
63251,47,38.9955259159619,100.0,38.75419
63276,47,44.6554889201274,100.0,44.483482
63301,47,49.0939613899334,27.0338765507173,49.263306
63326,47,52.2766875208205,0.0,53.003174
63351,47,51.156866536264,0.0,50.537586
63376,47,50.1792123997854,0.0,49.058857
63401,47,48.3995449360784,0.0,48.134327
63426,47,46.32332710419,0.0,46.279587
63451,47,44.0188146875274,0.0,44.10589
63476,47,43.3163380631931,38.3836457870245,41.563824
63501,47,40.3982782677693,50.9474286854472,40.620033
63526,47,40.1345505886139,100.0,39.421963
63551,47,41.7322363474171,100.0,41.59188
63576,47,46.1238649234416,79.3035941897645,46.450474
63601,20,50.2749158995894,0.815625807319732,50.2241
63626,20,52.3422610644547,0.0,52.991573
63651,20,51.1682046578837,0.0,50.730194
63676,20,49.2080395186966,0.0,49.061073
63701,20,48.1859105793863,0.0,47.03405
63726,20,45.4471933429745,0.0,46.19502
63751,20,43.859996105009,0.0,42.59728
63776,20,41.721989093503,0.0,41.910664
63801,20,40.0748632832383,0.0,39.401035
63826,20,37.0124787539634,0.0,38.193295
63851,20,35.5039082987599,0.0,33.773636
63876,20,32.6339261459414,0.0,33.712524
63901,20,29.8228551663979,0.0,29.532803
63926,20,26.6160067618925,0.0,26.749268
63951,20,23.3150244224781,0.0,23.137571
63976,20,18.5119803370111,0.0,19.715034
64001,21,13.0890400469357,11.0324651318282,13.502038
64026,21,3.27186078684471,100.0,8.459316
64051,21,0.310899392404764,100.0,0.0
64076,21,28.2708678358866,100.0,27.31814
64101,21,36.8258967151784,0.0,37.40443
64126,21,42.0884172500658,0.0,42.683887
64151,21,39.9373043664908,0.0,41.2428
64176,21,37.7212606097855,0.0,37.58624
64201,21,35.3692641071051,0.0,35.286953
64226,21,33.0001565502003,0.0,32.78344
64251,21,29.886697109477,0.0,30.37464
64276,21,26.9528132675076,0.0,26.52881
64301,21,23.2370170236592,0.0,23.734936
64326,21,19.0026256463305,0.0,19.245378
64351,21,13.1025844842509,19.959628876869,14.489582
64376,21,4.90277545732813,100.0,8.23499
64401,48,2.76273408040277,100.0,4.083079
64426,48,27.7178255637494,100.0,27.763157
64451,48,36.142196366458,100.0,36.65601
64476,48,41.6774628620041,100.0,42.239742
64501,48,46.9860052852261,97.5150898270924,46.622826
64526,48,50.4426187195439,2.6397677806168,51.21807
64551,48,54.0569685039517,0.0,53.814785
64576,48,52.2005710871173,0.0,52.669712
64601,48,50.2517472800233,0.0,49.951397
64626,48,48.7437611744811,0.0,48.047516
64651,48,47.5223952400327,0.0,46.657154
64676,48,45.8502256548862,0.0,45.519653
64701,48,43.9684735693755,22.9084136046429,43.82599
64726,48,41.458809229506,56.5497894772922,41.23494
64751,48,40.6038280179095,100.0,39.7646
64776,48,42.3342529222296,100.0,42.567776
64801,49,46.7766378893509,85.8037553568292,46.980473
64826,49,50.3259537046447,24.2844527395368,50.799522
64851,49,53.5575550345874,0.0,53.119316
64876,49,52.5070130342235,0.0,51.821663
64901,49,50.2730384470496,0.0,50.378788
64926,49,48.5910563439001,0.0,47.943035
64951,49,47.2803545085862,0.0,46.481003
64976,49,45.4900274884313,15.2616246446026,45.270607
65001,49,43.5030553668592,47.2677655958913,42.795467
65026,49,41.5379790078125,82.7931494793245,41.542046
65051,49,42.3544062894321,100.0,42.14339
65076,49,45.873718688115,100.0,45.88351
65101,49,49.9138446767093,40.4636623377153,50.21171
65126,49,53.5551021820412,0.0,53.721916
65151,49,52.9331918830195,0.0,53.04357
65176,49,51.8417752283361,0.0,50.86152
65201,25,49.6134016999344,0.0,49.727345
65226,25,48.3752653047385,0.0,47.28524
65251,25,46.9069721924983,0.0,46.343597
65276,25,44.7134405035656,0.0,44.883217
65301,25,42.9285766393407,0.0,42.36994
65326,25,40.9426175258187,0.0,40.94073
65351,25,39.1155370603232,0.0,38.757183
65376,25,36.4532148373756,0.0,37.061615
65401,25,33.2672965803313,0.0,33.585777
65426,25,31.3798616095138,0.0,29.874771
65451,25,27.3082125261269,0.0,29.192091
65476,25,24.5073628132347,0.0,23.021776
65501,25,20.9546442657769,0.0,21.390503
65526,25,15.3605126418409,56.4813019924436,17.09396
65551,25,8.42804002082855,100.0,9.574287
65576,25,20.1382835052266,100.0,20.47874
65601,37,31.9066962106019,71.1449297165068,32.415054
65626,37,39.8126015579759,75.2959897959764,38.444
65651,37,42.3933765091699,0.0,42.63473
65676,37,44.9969169035346,0.0,44.854557
65701,37,42.309859219842,0.0,43.66795
65726,37,41.0907179392682,0.0,39.4774
65751,37,38.7984532912883,0.0,39.285988
65776,37,36.9419302131541,0.0,36.30305
65801,37,33.8806073737726,0.0,34.838634
65826,37,31.5729069485969,39.9599833310867,30.6116
65851,37,28.689365095504,81.2174668022551,28.443052
65876,37,28.7813358927032,100.0,29.481684
65901,37,34.8695413586747,100.0,34.074234
65926,37,41.0219139585449,22.3417791344424,41.02423
65951,37,46.1424700063997,0.0,45.82232
65976,37,45.0318389283831,0.0,44.861103
66001,41,43.1658154726186,0.0,43.12353
66026,41,41.0869278150239,0.0,41.114197
66051,41,38.9645457003102,0.0,38.815357
66076,41,37.0654130631838,20.5934247387217,36.630875
66101,41,33.9831537599606,54.545209033596,34.620167
66126,41,31.9431843647107,100.0,31.828066
66151,41,34.7602973397481,100.0,34.341236
66176,41,40.7652406854986,95.7962219953391,40.666367
66201,41,45.1919198130716,0.0,45.805206
66226,41,49.2273172701548,0.0,48.9086
66251,41,47.5421402516776,0.0,47.98268
66276,41,46.3756605816531,0.0,45.46381
66301,41,44.0069368790378,0.0,44.417034
66326,41,42.6355974416592,0.0,41.49133
66351,41,40.4896759430486,0.0,40.75879
66376,41,38.0794946416197,0.0,38.149006
66401,27,35.68108668484,36.413827489835,35.465828
66426,27,33.100938013047,0.0,32.612804
66451,27,33.4544275011916,0.0,32.91306
66476,27,30.2357982608758,0.0,32.139526
66501,27,27.0463140847075,0.0,26.782288
66526,27,23.0499159640601,0.0,23.588528
66551,27,19.0640213324558,54.7667369169786,18.792011
66576,27,13.5301896824033,100.0,14.47204
66601,27,21.1167830474974,100.0,21.924662
66626,27,33.1731969340443,89.3811374918175,32.783047
66651,27,39.4209785268912,0.0,39.72207
66676,27,43.9032653369576,0.0,43.453407
66701,27,42.501880105831,0.0,42.88664
66726,27,39.9381953594718,0.0,40.624317
66751,27,37.5895590392448,0.0,37.198383
66776,27,35.2761773105558,0.0,35.029003
66801,21,32.2719441876765,0.0,32.72582
66826,21,29.551338453894,0.0,29.040722
66851,21,26.111170874007,0.0,26.560287
66876,21,22.5067681217812,0.0,22.40786
66901,21,18.4794138886182,0.0,18.612825
66926,21,12.9036559208383,29.0309538489909,14.1528635
66951,21,2.8552452940544,100.0,8.041653
66976,21,8.8982703323147,100.0,8.026824
67001,21,28.7317432621177,100.0,29.177647
67026,21,36.9782776326053,0.0,37.06716
67051,21,43.0204369278877,0.0,42.761322
67076,21,40.1877806824914,0.0,42.26237
67101,21,38.8713159187331,0.0,37.197014
67126,21,36.3249420133421,0.0,37.11892
67151,21,34.0443374715441,0.0,33.565483
67176,21,30.5750812437021,0.0,31.512608
67201,34,27.1875882955862,0.0,26.888786
67226,34,24.2869929224766,100.0,23.54462
67251,34,20.5704007192812,100.0,17.024168
67276,34,32.4622520377568,100.0,32.714806
67301,34,39.2613355264464,11.3452957604965,39.44264
67326,34,43.7022479898918,0.0,44.344925
67351,34,42.5692941956613,0.0,42.499752
67376,34,40.1382442825975,0.0,40.733063
67401,34,38.2924390658327,0.0,37.5254
67426,34,35.687482931494,0.0,36.21268
67451,34,33.1012912286138,0.0,32.866478
67476,34,30.5744756528074,0.0,30.272226
67501,34,26.919940668035,45.0111613249426,27.776215
67526,34,23.606981136355,100.0,22.787895
67551,34,26.5990087560031,100.0,26.214182
67576,34,34.8882764126407,100.0,35.41651
67601,41,42.0169562329635,0.0,41.20966
67626,41,45.7605796550845,0.0,46.892475
67651,41,43.9571080384311,0.0,44.577827
67676,41,42.5477878093633,0.0,41.95227
67701,41,40.6873431429447,0.0,40.667522
67726,41,38.6936007244821,0.0,38.617634
67751,41,35.881733227904,25.0478318974769,36.478447
67776,41,33.522686689107,75.3153892031059,32.857445
67801,41,31.8291479384563,100.0,31.763308
67826,41,37.0705862318306,100.0,36.097057
67851,41,41.8888021926781,54.1158472895394,42.743484
67876,41,46.860326321309,0.0,46.29016
67901,41,48.0156440324473,0.0,47.808918
67926,41,45.9475420456899,0.0,46.37988
67951,41,43.5678787901418,0.0,43.734154
67976,41,42.0558130395687,0.0,41.03759
68001,22,40.2431438492437,0.0,40.17401
68026,22,38.3740215473939,0.0,38.21396
68051,22,35.4293531417202,0.0,36.273113
68076,22,33.235542950875,0.0,32.285667
68101,22,30.0813128767629,0.0,30.77755
68126,22,26.9042893189275,0.0,26.686947
68151,22,23.5000895683907,0.0,23.456821
68176,22,19.0466691539764,0.0,19.804682
68201,22,13.5157889722655,36.4515249074358,14.339772
68226,22,5.04588833352385,100.0,8.586552
68251,22,12.4832963622367,100.0,12.653736
68276,22,30.4561387207651,100.0,30.028606
68301,22,37.227771924177,0.0,38.30846
68326,22,42.9293630699182,0.0,42.73295
68351,22,40.6650032125478,0.0,42.12346
68376,22,38.5721851842116,0.0,38.214478
68401,44,36.4851979115218,0.0,36.262463
68426,44,33.768918888289,100.0,34.160206
68451,44,31.3057707913791,100.0,28.193293
68476,44,38.7365567559921,100.0,37.84322
68501,44,43.873324988677,77.7177255839918,44.27131
68526,44,48.2589210801155,0.0,48.33618
68551,44,50.7522058560956,0.0,50.96024
68576,44,48.5243474403852,0.0,49.232162
68601,44,47.1378280609741,0.0,46.18644
68626,44,45.8126438414591,0.0,45.1202
68651,44,43.5451129439106,0.0,43.84566
68676,44,42.2641716808799,0.0,41.12025
68701,44,39.4587140772883,14.6271659879944,40.413387
68726,44,37.0414656670443,64.7788041883161,36.144245
68751,44,34.3871184990432,100.0,34.273453
68776,44,37.4830242121342,100.0,37.441383
68801,32,43.2067478421093,100.0,42.90164
68826,32,47.2961059175788,0.0,47.98027
68851,32,51.8704192583138,0.0,51.111435
68876,32,49.9130342749011,0.0,50.62562
68901,32,48.5905979284713,0.0,47.717834
68926,32,46.7488130211182,0.0,46.538685
68951,32,44.4080341944234,0.0,44.669163
68976,32,42.4811458496699,0.0,41.922745
69001,32,40.8644179423255,0.0,40.366673
69026,32,38.219742502025,0.0,38.99973
69051,32,36.4805720686952,0.0,35.386517
69076,32,33.3135148965431,0.0,34.48327
69101,32,31.2163192079439,0.0,29.939228
69126,32,27.8714510770871,0.0,28.829266
69151,32,24.6929781808845,57.140050367149,24.275457
69176,32,19.8660075630823,100.0,20.536718
69201,48,26.4181582167969,100.0,25.291311
69226,48,34.8326985443401,100.0,35.268387
69251,48,40.8973456491843,100.0,41.173706
69276,48,45.9658358071577,100.0,45.982548
69301,48,49.5089666817303,19.8568270683444,50.39144
69326,48,53.523210514871,0.0,53.292873
69351,48,52.450588585752,0.0,51.92375
69376,48,51.1944926894168,0.0,50.320503
69401,48,49.2073377501015,0.0,49.07328
69426,48,47.2263785242235,0.0,47.028748
69451,48,45.4053751365333,0.0,45.085987
69476,48,43.2603383351737,29.8442983589305,43.369686
69501,48,41.8514943384962,68.1929350382233,40.509743
69526,48,40.5524150155937,93.3871715329007,41.03594
69551,48,43.3701123349138,100.0,43.026886
69576,48,47.1621246818193,66.2738596501805,47.502144
69601,21,51.4998755981396,0.0,51.054935
69626,21,52.6380899989074,0.0,53.083977
69651,21,50.7247640775099,0.0,50.85947
69676,21,49.5655027435412,0.0,48.511745
69701,21,47.8778195545051,0.0,47.510017
69726,21,45.9686003770481,0.0,45.788765
69751,21,44.4924806366047,0.0,43.883007
69776,21,42.636433215902,0.0,42.54166
69801,21,40.0539518626516,0.0,40.589157
69826,21,37.5969250164553,0.0,37.29758
69851,21,35.4204993087035,0.0,34.934315
69876,21,32.8855928281939,0.0,33.000626
69901,21,30.3111512446438,0.0,30.10271
69926,21,26.7992131472499,0.0,27.46539
69951,21,23.2820351262943,0.0,23.035114
69976,21,18.6463520211044,0.0,19.478
70001,34,13.3398428190433,24.9008268929749,13.781062
70026,34,3.61342643272181,100.0,8.710729
70051,34,6.97410093488819,100.0,6.0688868
70076,34,28.005052600319,100.0,28.707457
70101,34,36.0525952275726,90.17825685802,36.576756
70126,34,42.1021651657762,0.0,41.836838
70151,34,46.2934254928114,0.0,45.851868
70176,34,44.3651653507413,0.0,45.161007
70201,34,42.6900840997762,0.0,42.266888
70226,34,40.1771231949794,0.0,40.760937
70251,34,38.5674285631326,0.0,37.48749
70276,34,35.7175778084206,0.0,36.70942
70301,34,33.6444230920863,0.0,32.666115
70326,34,30.3807745613417,0.0,31.304188
70351,34,28.0696252376154,47.6002124217375,26.886288
70376,34,23.9061125632095,88.9205208111902,24.667345
70401,29,26.6481591608301,100.0,26.173836
70426,29,33.9979193903175,24.9919240105498,33.71807
70451,29,40.9700552871377,0.0,39.916004
70476,29,39.4827316507297,0.0,39.973064
70501,29,37.2656447993707,0.0,37.681965
70526,29,34.5130804404581,0.0,34.82582
70551,29,32.4220823383023,0.0,31.5413
70576,29,29.2298759570612,0.0,30.052862
70601,29,26.3096567667028,0.0,25.791248
70626,29,22.658621747895,30.9426035414961,23.098255
70651,29,17.7672180212233,96.2111835351429,18.913725
70676,29,17.9927819934793,100.0,17.229729
70701,29,30.2313508427929,100.0,30.861834
70726,29,38.1683890066163,0.0,37.673676
70751,29,43.7864276667463,0.0,43.713184
70776,29,41.1855058558461,0.0,42.942093
70801,30,40.1112439685106,0.0,38.423016
70826,30,37.4700023991699,0.0,38.360035
70851,30,34.3416535811741,0.0,34.63254
70876,30,32.4680376558548,0.0,31.014074
70901,30,29.6063421175551,0.0,30.304115
70926,30,26.2459330480611,0.0,26.4829
70951,30,22.0122446102433,49.8858612748231,22.619112
70976,30,18.3412023556586,100.0,17.480515
71001,30,22.5762904178449,100.0,23.030386
71026,30,33.1550319855817,100.0,33.52126
71051,30,39.6628608099944,0.0,39.93097
71076,30,44.8153649186148,0.0,44.74238
71101,30,43.8496832308791,0.0,43.870636
71126,30,40.9607651643017,0.0,42.001156
71151,30,38.5025836437521,0.0,37.92468
71176,30,37.4550755192877,0.0,35.84789
71201,43,33.808221477118,0.0,35.789818
71226,43,31.6354905507279,100.0,29.986755
71251,43,28.450420107113,100.0,26.042532
71276,43,36.4307865053182,100.0,36.48321
71301,43,42.2713744675599,100.0,42.439487
71326,43,46.746210888634,0.0,47.166374
71351,43,50.7080516490147,0.0,50.65451
71376,43,49.133479466764,0.0,49.407536
71401,43,47.8167775351877,0.0,47.024124
71426,43,46.0135595692427,0.0,45.789577
71451,43,44.16791081982,0.0,43.962654
71476,43,42.1285149625525,0.0,42.13318
71501,43,40.3985864317955,0.0,39.904522
71526,43,37.3394135598354,29.2330434117827,38.447426
71551,43,35.0724643168384,83.9218783234893,34.091454
71576,43,34.2537631872299,100.0,33.747295
71601,41,39.4402019598754,100.0,38.706337
71626,41,44.2945919026497,10.6728272521708,44.69412
71651,41,48.8353929436177,0.0,48.563595
71676,41,46.8635315009296,0.0,47.52917
71701,41,45.4021966435246,0.0,44.731018
71726,41,43.0234020208488,0.0,43.42581
71751,41,40.6597649710405,0.0,40.488514
71776,41,39.0112877389667,0.0,38.11563
71801,41,36.6806359391763,18.2890453106451,37.122097
71826,41,34.4321489677569,59.9541246774917,33.883045
71851,41,31.7483894119766,100.0,32.25855
71876,41,34.6538244899023,100.0,34.767937
71901,41,41.1807173042707,96.2307559206801,40.587975
71926,41,46.1073980334439,0.0,46.195793
71951,41,49.8831129901027,0.0,49.86485
71976,41,47.9268583987639,0.0,48.579994
72001,31,46.1742226721848,0.0,45.792072
72026,31,44.7060470589808,0.0,44.127018
72051,31,42.6081967144146,0.0,42.749954
72076,31,40.9716172835876,0.0,40.3339
72101,31,38.4095521199502,0.0,39.093185
72126,31,35.8845917990659,0.0,35.65605
72151,31,33.3018291115243,0.0,33.14092
72176,31,30.35315941871,0.0,30.477995
72201,31,27.5454440465606,0.0,27.155191
72226,31,23.5176132515829,44.3568297932167,24.452353
72251,31,20.1514340430609,100.0,19.193386
72276,31,23.6999945865268,100.0,23.452694
72301,31,33.7222045146858,100.0,34.056282
72326,31,40.2761971537059,0.0,40.366825
72351,31,45.3798267090878,0.0,45.28571
72376,31,43.3369736467447,0.0,44.410694
72401,24,41.1431049766926,0.0,41.12176
72426,24,38.4892646882316,0.0,38.763752
72451,24,36.4216719617163,0.0,35.65008
72476,24,33.7333488385792,0.0,34.114315
72501,24,31.62264049432,0.0,30.814342
72526,24,29.3589925632145,0.0,29.2269
72551,24,25.3619657562511,0.0,26.796606
72576,24,21.8395581118838,0.0,21.126482
72601,24,16.3734916743384,21.0416088823788,18.016235
72626,24,10.1911481629463,100.0,11.725963
72651,24,6.85236419820231,100.0,7.170901
72676,24,28.1579000692294,100.0,28.572212
72701,24,36.5585044951161,0.0,36.72157
72726,24,42.2808629633911,0.0,42.43973
72751,24,40.3142011340116,0.0,41.497726
72776,24,37.6377973635284,0.0,38.140694
72801,37,36.0047557903794,0.0,34.768883
72826,37,33.3013945315188,0.156756168493175,34.102715
72851,37,30.6880750474933,48.4816799826293,30.361994
72876,37,27.2356854049825,95.20346672895,27.180244
72901,37,29.2415320685898,100.0,29.267965
72926,37,36.570527583451,100.0,35.946556
72951,37,42.7676145990547,0.0,42.502224
72976,37,47.32792845887,0.0,47.404682
73001,37,45.5878933681116,0.0,46.218937
73026,37,43.616490474634,0.0,43.56067
73051,37,41.4969957058339,0.0,41.471245
73076,37,39.3575284511703,0.0,39.191242
73101,37,36.6693261309802,0.0,37.011665
73126,37,35.1050968896251,0.0,33.77965
73151,37,32.232595802746,16.217302348211,33.258873
73176,37,29.2233886797482,67.5677170357428,29.038582
73201,21,26.341829493223,100.0,26.578236
73226,21,31.5132822680874,0.0,30.990997
73251,21,38.8608258198737,0.0,37.9
73276,21,36.2905805697318,0.0,38.42695
73301,21,33.354234667181,0.0,33.50828
73326,21,30.2809384585812,0.0,30.197746
73351,21,27.8524575175785,0.0,26.964823
73376,21,24.1423176486846,0.0,25.11976
73401,21,19.9448242827042,0.0,20.165018
73426,21,15.779118140714,1.05144546568746,15.472147
73451,21,8.31123662289715,75.5159250546377,11.350668
73476,21,0.141728952110645,100.0,0.0
73501,21,22.9849826522775,100.0,22.78278
73526,21,33.344926056343,0.0,33.68513
73551,21,40.1192839866459,0.0,40.233913
73576,21,37.9957498626888,0.0,39.559547
73601,20,35.2868611213681,0.0,35.65135
73626,20,32.8697110926841,0.0,32.363934
73651,20,30.6260324839107,0.0,30.197628
73676,20,27.2373952002902,0.0,28.095072
73701,20,23.6771720347864,0.0,23.593847
73726,20,19.249154928231,0.0,19.836508
73751,20,13.7351360735061,0.0,14.563823
73776,20,6.42608621488052,94.0344880677283,8.744614
73801,20,0.1015510584956,100.0,0.0
73826,20,26.7763735939459,100.0,26.087952
73851,20,35.939488686186,0.0,36.061333
73876,20,42.0049210042064,0.0,42.08894
73901,20,39.7977910987216,0.0,41.281128
73926,20,37.6347362567243,0.0,37.392555
73951,20,34.5897668943014,0.0,35.249496
73976,20,32.3898641752922,0.0,31.34322
74001,39,28.8601125804467,0.0,29.917715
74026,39,26.3400417081881,100.0,25.099749
74051,39,22.3334170392439,100.0,19.624092
74076,39,33.2704552390235,100.0,33.540005
74101,39,39.7925318819582,84.3952493378869,40.04928
74126,39,44.7516617315435,0.0,44.869564
74151,39,48.0363982579819,0.0,47.920273
74176,39,46.7311102805137,0.0,46.716393
74201,39,44.6019605597957,0.0,44.739117
74226,39,42.0666352052724,0.0,42.318012
74251,39,40.2804320435907,0.0,39.374733
74276,39,38.4164753084375,0.0,38.276157
74301,39,36.1643008001244,0.0,36.320858
74326,39,33.0481844629755,32.6043655618628,33.680447
74351,39,30.5559499213521,88.3116160707665,29.596039
74376,39,30.3166498939291,100.0,29.820065
74401,33,36.5248355241677,100.0,35.78328
74426,33,42.5467873970189,0.0,42.377785
74451,33,46.8476198481804,0.0,47.187595
74476,33,45.2060013065118,0.0,45.714657
74501,33,42.7618768737031,0.0,43.206497
74526,33,41.522100214281,0.0,40.16282
74551,33,39.4148687913817,0.0,39.70078
74576,33,36.9865219016627,0.0,37.099957
74601,33,34.8546772216814,0.0,34.344856
74626,33,32.061061314578,0.0,32.471188
74651,33,29.289537024859,0.0,29.026194
74676,33,25.2558559654764,48.1400541427848,26.247902
74701,33,21.7257900144905,100.0,20.840506
74726,33,25.1584094565573,100.0,25.079304
74751,33,34.6592220703115,100.0,34.737034
74776,33,41.583459941403,0.0,41.1068
74801,22,45.3130410692067,0.0,46.483406
74826,22,44.2073017699281,0.0,44.14179
74851,22,42.0863441531579,0.0,42.325123
74876,22,40.1222260046675,0.0,39.785084
74901,22,37.09644890157,0.0,37.949203
74926,22,35.1600772372554,0.0,33.89294
74951,22,32.2552584577673,0.0,32.963806
74976,22,29.7549824837565,0.0,29.117538
75001,22,26.6382236243332,0.0,26.97357
75026,22,23.1714323852413,0.0,23.244894
75051,22,18.5924541545851,0.0,19.41377
75076,22,12.7576430691579,42.4537493700889,13.777067
75101,22,3.25253569946647,100.0,7.4796553
75126,22,15.0591217839502,100.0,14.908105
75151,22,30.0555654338534,100.0,30.742973
75176,22,37.7551371953178,0.0,37.75037
75201,35,42.9436981161041,0.0,43.326912
75226,35,41.3415174772019,0.0,42.061134
75251,35,39.5323656734607,0.0,39.465275
75276,35,37.1788989695536,0.0,37.49949
75301,35,34.5322070029683,0.0,34.609703
75326,35,31.5015847953775,0.0,31.660381
75351,35,28.7065827931323,44.0639214733098,28.237825
75376,35,24.7892964798264,94.0328122852123,25.199862
75401,35,27.6084242283265,100.0,26.659369
75426,35,35.34090335754,100.0,34.937435
75451,35,41.4510525129701,0.0,41.53513
75476,35,46.9492469819443,0.0,46.248684
75501,35,44.6791276155368,0.0,45.991104
75526,35,42.3020310863292,0.0,42.263123
75551,35,40.6700973218505,0.0,39.761566
75576,35,37.898318794432,0.0,38.796154
75601,43,36.2580361726906,0.0,34.942127
75626,43,33.1959214719771,100.0,34.351696
75651,43,30.8300807682784,100.0,27.399385
75676,43,37.8458295071573,100.0,37.61238
75701,43,43.4542818934419,73.688352143191,43.51343
75726,43,47.9710910391718,0.0,48.024822
75751,43,50.0775593868348,0.0,50.537422
75776,43,48.060765015779,0.0,48.52053
75801,43,46.3376537440939,0.0,45.892014
75826,43,44.9020276947712,0.0,44.2902
75851,43,42.8393016829413,0.0,42.94517
75876,43,40.8220612896915,0.0,40.600407
75901,43,38.6183583251301,20.447067310703,38.605946
75926,43,36.3085020365637,59.8433814030536,35.934402
75951,43,34.3129245216435,100.0,34.30396
75976,43,37.1204445649151,100.0,37.112553
76001,32,43.0607424902983,86.6650757729576,42.578415
76026,32,47.1333678699234,0.0,47.682827
76051,32,49.8843452502955,0.0,50.22417
76076,32,48.7072708891858,0.0,48.42894
76101,32,46.7165402077435,0.0,46.67528
76126,32,45.0847245746754,0.0,44.571404
76151,32,43.1177807465833,0.0,43.090538
76176,32,41.2919540741643,0.0,40.971912
76201,32,38.6470487207398,0.0,39.260277
76226,32,36.7468533785376,0.0,35.81786
76251,32,34.174660394189,0.0,34.600468
76276,32,31.1153662977934,0.0,31.369467
76301,32,28.6139834658184,0.0,27.820747
76326,32,25.2918070583166,41.8206458328351,25.820175
76351,32,21.4898841433377,100.0,21.452908
76376,32,23.4712892171572,100.0,24.040462
76401,20,33.306399194322,100.0,33.977436
76426,20,40.2949845887841,0.0,40.011463
76451,20,45.2605525005862,0.0,45.365494
76476,20,43.4277837410147,0.0,44.27453
76501,20,41.7587654527412,0.0,41.404728
76526,20,39.6888907043868,0.0,39.854843
76551,20,36.2075335098122,0.0,37.4119
76576,20,34.28900487195,0.0,32.565887
76601,20,31.7335628380655,0.0,32.10088
76626,20,28.9390480735318,0.0,28.919865
76651,20,25.9844360041133,0.0,25.872267
76676,20,21.2172011385998,0.0,22.737389
76701,20,17.2584960825827,0.0,16.229746
76726,20,11.2957876316749,29.9401088230747,12.991628
76751,20,0.0080092019611733,100.0,6.244037
76776,20,9.50235540370208,100.0,7.508663
76801,22,28.9719464784571,100.0,29.419376
76826,22,36.8530877050287,0.0,37.231777
76851,22,42.1373227033541,0.0,42.59687
76876,22,39.8576299468288,0.0,41.29345
76901,22,38.2711118155474,0.0,37.384617
76926,22,36.1568503677672,0.0,36.431484
76951,22,33.1433723255821,0.0,33.80288
76976,22,30.3721668973595,0.0,29.912107
77001,22,27.1159838914117,0.0,27.341604
77026,22,24.0232559220681,0.0,23.596033
77051,22,19.895325499381,0.0,20.626547
77076,22,14.4825410755206,18.3804222448884,15.486832
77101,22,7.22674011889512,100.0,9.934485
77126,22,1.62581313951692,100.0,4.3595624
77151,22,27.6717496400087,100.0,27.475616
77176,22,36.1889409247554,0.0,36.708935
77201,45,41.6743308810533,0.0,42.165943
77226,45,40.0217619150727,40.2642992102832,40.87441
77251,45,37.7384833942374,69.8117931137893,37.255287
77276,45,38.4722215020022,100.0,37.73108
77301,45,41.0960774239774,97.5386220203337,41.809113
77326,45,45.6292997277289,50.6525540139449,45.92741
77351,45,49.7807369288235,0.0,49.491417
77376,45,50.4956163442369,0.0,50.33264
77401,45,49.150076127108,0.0,48.716015
77426,45,46.7422876532888,0.0,47.077236
77451,45,45.5398967883105,0.0,44.21709
77476,45,43.4457600003679,0.0,43.601143
77501,45,42.2257308013032,8.6203744971512,41.183292
77526,45,39.1887429893496,30.4320527800321,40.013622
77551,45,36.8313128210524,84.7247363869921,36.256824
77576,45,36.450586580191,100.0,35.52152
77601,21,40.8204983670966,100.0,40.691826
77626,21,45.9958968203506,0.0,45.81691
77651,21,50.097737940082,0.0,50.068157
77676,21,48.5993220247273,0.0,48.836555
77701,21,46.4444686255182,0.0,46.518692
77726,21,44.3704790445975,0.0,44.15464
77751,21,42.3900051604371,0.0,42.136204
77776,21,40.847052016499,0.0,40.224144
77801,21,38.3432777764123,0.0,38.995975
77826,21,35.9978093543707,0.0,35.644043
77851,21,33.1840734637604,0.0,33.4244
77876,21,30.4170884437285,0.0,30.141428
77901,21,27.6622978475015,0.0,27.390951
77926,21,23.656170773093,0.0,24.620237
77951,21,19.7828605175734,0.0,19.39513
77976,21,13.8613605181988,2.05840730082846,15.609866
78001,31,6.57486991942872,100.0,8.674503
78026,31,0.0,100.0,0.0
78051,31,28.0561008057973,100.0,27.130423
78076,31,36.2740169091481,33.074281737354,37.240467
78101,31,41.6828465532187,0.0,42.077675
78126,31,41.9316215118075,0.0,41.3004
78151,31,40.2428599627302,0.0,40.339333
78176,31,37.7572471940401,0.0,38.327225
78201,31,35.34084670363,0.0,35.069298
78226,31,32.1902572062733,0.0,32.69406
78251,31,29.389335543005,0.0,28.820309
78276,31,26.0713802325697,9.13572899768502,26.321
78301,31,21.9912949434434,68.4479692598509,22.467253
78326,31,18.2158224208322,100.0,17.811235
78351,31,26.8126799019864,100.0,26.920288
78376,31,35.638817546126,55.2601000034306,35.41599
78401,21,41.6401222857149,0.0,41.535152
78426,21,43.2032379825022,0.0,42.915302
78451,21,40.4445649571065,0.0,41.774136
78476,21,38.9609040613196,0.0,37.526062
78501,21,36.3371125229602,0.0,37.17625
78526,21,33.7778865683769,0.0,33.50482
78551,21,31.0607151312576,0.0,30.98096
78576,21,28.1350613054486,0.0,28.087923
78601,21,24.9626771125912,0.0,24.936705
78626,21,20.9632131851672,0.0,21.50026
78651,21,15.5316692987372,0.0,16.68263
78676,21,8.56977092698071,77.8524877615105,10.23346
78701,21,0.251966999685553,100.0,0.0
78726,21,23.5928787565593,100.0,23.247717
78751,21,34.2232151763399,0.0,33.909027
78776,21,40.1457210126184,0.0,41.006325
78801,27,38.4093725354474,0.0,39.45733
78826,27,35.7720310651979,0.0,36.433926
78851,27,33.5625747119967,0.0,32.921345
78876,27,30.7533986473904,0.0,31.093098
78901,27,27.2933425953441,0.0,27.690847
78926,27,24.7367344951024,0.0,23.58306
78951,27,20.3967704077547,20.4981806485717,21.852295
78976,27,14.8889571537868,98.0803630420117,16.45498
79001,27,10.978173128686,100.0,10.505295
79026,27,29.0453979367878,100.0,29.076782
79051,27,36.9066051922995,0.0,37.17995
79076,27,42.5333784515935,0.0,42.638706
79101,27,40.2510221393766,0.0,41.72838
79126,27,39.0888799890778,0.0,37.779415
79151,27,36.2420985610474,0.0,37.354874
79176,27,33.0825996044931,0.0,33.198746
79201,21,30.8535078665219,0.0,29.713133
79226,21,26.9303633115353,0.0,28.338564
79251,21,24.1068847651862,0.0,22.780102
79276,21,20.3903641095697,0.0,20.964714
79301,21,15.0305042193029,0.0,16.369717
79326,21,7.09961209194014,86.6307586669307,9.833056
79351,21,0.518693975025965,100.0,0.0
79376,21,25.3058578055808,100.0,24.848413
79401,21,34.5548456562923,0.0,34.815685
79426,21,40.5890117829804,0.0,41.020363
79451,21,38.9192325547127,0.0,39.903828
79476,21,37.2205289013828,0.0,37.01034
79501,21,33.9326837458531,0.0,35.26872
79526,21,31.0072691018502,0.0,30.450737
79551,21,28.9356288570665,0.0,27.837725
79576,21,25.4878713710047,0.0,26.549955
79601,33,21.6208137933943,0.0,21.771202
79626,33,17.5857691816873,100.0,17.470556
79651,33,9.78440639984358,100.0,8.6366005
79676,33,28.6800016410196,100.0,29.1319
79701,33,36.8219797078457,57.1069578577413,36.951275
79726,33,42.7937155003065,0.0,42.426716
79751,33,44.1143430246349,0.0,44.15133
79776,33,42.2389856046438,0.0,42.621555
79801,33,40.4598949737902,0.0,40.170128
79826,33,37.9814113139856,0.0,38.463875
79851,33,35.4476480833124,0.0,35.302406
79876,33,33.1718433224268,0.0,32.691338
79901,33,29.9091961503374,0.0,30.635954
79926,33,26.7855072739088,35.0299261446744,26.410955
79951,33,23.185628087346,90.8731359268918,23.25843
79976,33,23.5662271387481,100.0,23.688444
80001,23,33.3331819307458,100.0,32.602646
80026,23,39.5662719159627,0.0,40.02919
80051,23,44.3778636992107,0.0,44.61783
80076,23,42.3444222679884,0.0,43.395756
80101,23,40.7123244851478,0.0,40.128193
80126,23,38.8510821625206,0.0,38.838085
80151,23,36.3684312125231,0.0,36.762337
80176,23,33.6650785527477,0.0,33.669445
80201,23,31.417800650704,0.0,30.731224
80226,23,28.3277434753213,0.0,28.891335
80251,23,24.4938562791569,0.0,24.976389
80276,23,20.5338391033016,0.0,20.403458
80301,23,15.4435131149725,23.6011777529871,16.286407
80326,23,7.96939842121259,100.0,10.98344
80351,23,6.8992200190422,100.0,7.4598985
80376,23,27.9675383610316,100.0,28.619152
80401,45,36.4280251702568,0.0,36.549507
80426,45,42.5207424321117,100.0,42.34466
80451,45,40.0775443153038,23.9405750413253,41.72569
80476,45,45.0916359862964,67.6185738326946,43.931316
80501,45,44.324175093708,0.0,45.090252
80526,45,46.7329706614783,0.0,45.884132
80551,45,44.3963982490632,0.0,45.322372
80576,45,42.8334579638386,0.0,41.914955
80601,45,40.389591363234,18.3669149062057,40.91952
80626,45,38.3674771329405,62.056127182152,37.435062
80651,45,36.6835710494848,98.2122650349661,36.200027
80676,45,38.9550256083714,100.0,39.31959
80701,45,43.692132490991,87.7450034457906,43.927082
80726,45,48.4006199647619,3.083438721222,48.16318
80751,45,51.0103944717107,0.0,51.58226
80776,45,49.6488984548549,0.0,49.581917
80801,33,48.7262601382879,0.0,47.55815
80826,33,46.3819483878503,0.0,46.734947
80851,33,44.2326511629381,0.0,43.91297
80876,33,42.259015070196,0.0,41.926052
80901,33,40.4436249757653,0.0,40.09828
80926,33,38.0778560801163,0.0,38.413776
80951,33,35.6938344171611,0.0,35.506027
80976,33,33.1919505976961,0.0,33.081074
81001,33,30.6319161918158,0.0,30.44323
81026,33,26.9584926123937,21.8518765834126,27.802921
81051,33,24.3971266182074,87.519893982742,23.36487
81076,33,21.0250033497212,100.0,21.306227
81101,33,30.697514046202,100.0,30.958136
81126,33,37.4617216599055,20.7475079387979,37.84598
81151,33,43.7860697776004,0.0,42.846085
81176,33,42.5060210173396,0.0,42.692356
81201,46,40.324186287855,0.0,40.64795
81226,46,37.5813966457091,80.9929248736578,37.94802
81251,46,35.7317373389766,100.0,33.012897
81276,46,39.6901286485962,100.0,39.711445
81301,46,45.0956001861548,92.3840183794672,44.822285
81326,46,49.4113311613836,0.0,49.475094
81351,46,52.5840929845015,0.0,52.742928
81376,46,50.3418014164173,0.0,51.1094
81401,46,49.0542856317449,0.0,48.00561
81426,46,47.3872478798197,0.0,46.993774
81451,46,45.8108596121675,0.0,45.316605
81476,46,44.1481047514912,0.0,43.803318
81501,46,41.0538394980991,12.6709350351771,42.17746
81526,46,39.7549562054884,67.9852830231333,37.481426
81551,46,37.154282750306,91.2144577211304,37.332344
81576,46,39.9773313686744,100.0,39.740128
81601,50,44.9369144017895,87.2750026945358,44.445225
81626,50,48.8950295565782,70.1366243055598,49.23475
81651,50,51.8074500341086,0.0,51.58524
81676,50,54.1147834876585,0.0,53.795155
81701,50,51.5867977172765,0.0,52.465046
81726,50,50.7016799050486,0.0,48.996555
81751,50,47.8011338603016,0.0,48.655785
81776,50,46.6353211561435,18.933896138527,44.822155
81801,50,44.5589444124702,39.777971057946,43.986
81826,50,43.447750979431,76.9011207580861,42.58832
81851,50,43.3517142402831,96.7765034569329,43.49927
81876,50,45.5410293157579,98.5085743350224,46.335876
81901,50,50.3786466663394,59.3902074531598,49.60014
81926,50,53.5041159895698,0.0,53.979584
81951,50,54.6377721567781,0.0,54.505795
81976,50,52.8200641625832,0.0,52.79778
82001,39,51.3416317684761,0.0,50.558113
82026,39,49.802131572441,0.0,49.179962
82051,39,48.0901596067465,0.0,47.67789
82076,39,46.2551565236038,0.0,45.990654
82101,39,44.4688771298073,0.0,44.191513
82126,39,42.6953230790664,0.0,42.467266
82151,39,40.0655510316471,0.0,40.716213
82176,39,38.2801577004984,0.0,37.264736
82201,39,35.9094083908613,0.0,36.257214
82226,39,33.0866736134611,34.7989723348918,33.3113
82251,39,30.5634202613066,85.2626270976802,29.76353
82276,39,30.7449002773043,100.0,30.438047
82301,39,37.0212081482461,100.0,35.98709
82326,39,41.8862001661067,14.9860005646553,42.786186
82351,39,47.2274378876988,0.0,46.42261
82376,39,44.8740670796938,0.0,45.984245
82401,41,43.4841881057243,0.0,42.381554
82426,41,41.4584505646393,0.0,41.578297
82451,41,39.0483900353396,0.0,39.24066
82476,41,37.2984696303757,14.4578933068926,36.444477
82501,41,34.6454568056853,45.7423117080632,34.85656
82526,41,31.8979201902944,93.1736237995999,32.31654
82551,41,33.1566616295544,100.0,33.00304
82576,41,39.1164448490024,100.0,38.63804
82601,41,44.6104630996948,13.309525684439,44.47713
82626,41,47.9422028558871,0.0,48.909317
82651,41,46.7100974869668,0.0,46.481487
82676,41,45.4726262636587,0.0,44.73058
82701,41,42.9663330590933,0.0,43.530277
82726,41,41.4224105899339,0.0,40.31073
82751,41,38.7809742032639,0.0,39.554108
82776,41,36.7541982383386,19.2560950167903,35.956383
82801,46,34.5331830017544,55.4899356480157,34.216442
82826,46,31.6357660270684,100.0,32.61453
82851,46,35.1399169353423,100.0,34.0627
82876,46,40.7267327945871,100.0,41.0327
82901,46,45.4871948383717,73.9521845965391,45.80789
82926,46,49.7913752222398,0.0,49.718525
82951,46,51.2076512394177,0.0,52.32077
82976,46,50.4815684235812,0.0,49.513763
83001,46,48.9145222546548,0.0,48.468273
83026,46,46.1188537429019,0.0,46.81312
83051,46,44.5444027055336,0.0,43.221962
83076,46,42.8796418938256,5.68609755711099,42.576096
83101,46,41.2409760951325,35.4471213590273,40.67082
83126,46,38.6121105375705,64.7456131531102,38.86576
83151,46,38.0966971700945,100.0,38.092785
83176,46,40.6432955365886,100.0,40.98666
83201,36,45.7235670070439,75.4763212706874,45.55776
83226,36,49.7247198748965,0.0,49.938812
83251,36,52.0226642103259,0.0,52.267113
83276,36,50.2166829838009,0.0,50.43504
83301,36,48.5700323105536,0.0,48.036633
83326,36,47.249014436777,0.0,46.466347
83351,36,44.7309267137986,0.0,45.23856
83376,36,43.3946952923141,0.0,42.081776
83401,36,41.809110369893,0.0,41.500233
83426,36,38.9494350348247,0.0,39.92195
83451,36,37.2207473406062,0.0,35.92088
83476,36,34.2584324011211,0.0,35.24069
83501,36,31.7589880145677,10.6246051858294,31.086481
83526,36,28.5599967775794,55.3062706332467,28.734106
83551,36,25.3556096885964,100.0,25.519272
83576,36,28.6724732537373,100.0,28.771212
83601,30,36.808782392114,100.0,36.397343
83626,30,43.153444435098,0.0,42.758587
83651,30,47.4763083166117,0.0,47.75748
83676,30,45.8677631996629,0.0,46.327545
83701,30,43.857768344587,0.0,43.853275
83726,30,41.6351003665248,0.0,41.678696
83751,30,39.6885391098059,0.0,39.23351
83776,30,37.0263155130541,0.0,37.527737
83801,30,34.2811757802064,0.0,34.164665
83826,30,32.0282687249243,0.0,31.31409
83851,30,29.2044283906469,0.0,29.502565
83876,30,26.1434114586987,0.0,26.112652
83901,30,21.2509047287537,48.2667919705767,22.797688
83926,30,17.2763966457073,100.0,16.392855
83951,30,22.9466603229694,100.0,22.187769
83976,30,33.2608092812468,100.0,33.668358
84001,38,39.7874926766738,0.0,40.003563
84026,38,45.00742950978,0.0,44.854156
84051,38,42.8128340538274,0.0,44.066887
84076,38,41.3136119750213,0.0,40.449417
84101,38,39.0361899179465,0.0,39.45633
84126,38,36.204430419119,0.0,36.55714
84151,38,34.5371836786545,11.4523419733717,33.17486
84176,38,31.1617993502093,41.2586015366128,32.1997
84201,38,28.5862608387826,100.0,28.258087
84226,38,29.2404939480671,100.0,29.589966
84251,38,37.278981920431,100.0,36.769096
84276,38,43.2011521667344,0.0,43.132812
84301,38,47.310263420445,0.0,47.733845
84326,38,45.7170652220412,0.0,46.13477
84351,38,43.8514580106809,0.0,43.709675
84376,38,41.8256593977325,0.0,41.803967
84401,45,40.1455025740775,0.0,39.611465
84426,45,37.6488038102134,66.1285252579403,38.236797
84451,45,34.5494027921011,100.0,33.61924
84476,45,37.9852802775941,100.0,37.604767
84501,45,43.8936360040581,100.0,43.347668
84526,45,47.7353140592455,0.0,48.601357
84551,45,51.7185028544379,0.0,51.485115
84576,45,50.4886710543494,0.0,50.390495
84601,45,48.7957138832805,0.0,48.393406
84626,45,47.0027257006583,0.0,46.6776
84651,45,44.942044092476,0.0,44.923542
84676,45,43.1912565109962,0.0,42.726
84701,45,40.7225694948269,11.7094207183352,41.225544
84726,45,38.5279285832614,55.8414562014204,37.677483
84751,45,36.4047977154647,95.0807251509159,35.76515
84776,45,37.8319943931919,100.0,38.36656
84801,22,43.7347979467155,100.0,42.71732
84826,22,47.5906807962216,0.0,48.459736
84851,22,52.1100106686412,0.0,51.352283
84876,22,50.1120499268322,0.0,50.849796
84901,22,48.4260180867572,0.0,47.904175
84926,22,46.7443587662588,0.0,46.32038
84951,22,44.6833564399886,0.0,44.69111
84976,22,42.6967425034896,0.0,42.464443
85001,22,41.0393678120615,0.0,40.528145
85026,22,38.3218052460327,0.0,39.14654
85051,22,35.6752837371886,0.0,35.420914
85076,22,33.5773816456232,0.0,32.81499
85101,22,30.8418139275215,0.0,31.213156
85126,22,28.0047506804294,0.0,27.84951
85151,22,23.8710998646041,0.0,24.888578
85176,22,19.8311886710697,0.0,19.49204
85201,36,15.3364769314247,17.5596066347071,15.503903
85226,36,7.20842297738937,100.0,11.380635
85251,36,0.800767996991261,100.0,3.981337
85276,36,27.7672357578567,100.0,27.295094
85301,36,36.39379214135,100.0,36.884106
85326,36,42.1950727888172,0.0,42.459793
85351,36,47.4393802966108,0.0,46.85032
85376,36,45.3166033049746,0.0,46.428635
85401,36,43.1575251643004,0.0,43.045776
85426,36,40.6190087159618,0.0,40.831005
85451,36,38.9223134682003,0.0,37.909683
85476,36,36.3439297910673,0.0,36.988518
85501,36,33.5960631002489,0.0,33.55449
85526,36,30.9669438042866,21.8863783465201,30.619577
85551,36,28.7240028611379,68.8875410234014,28.096325
85576,36,26.4076563277487,100.0,27.023983
85601,43,31.9428487521987,100.0,31.207613
85626,43,38.335073489346,100.0,38.60448
85651,43,44.6175690444828,62.3847578877341,43.864937
85676,43,48.3481600300748,0.0,48.932396
85701,43,49.8767532554194,0.0,49.8433
85726,43,48.3849391083474,0.0,48.23995
85751,43,46.5177306421365,0.0,46.31196
85776,43,44.6249601362376,0.0,44.44065
85801,43,42.9356766127395,0.0,42.55571
85826,43,40.3442162215773,0.0,40.996727
85851,43,38.7911200987344,26.4251264204948,37.58228
85876,43,35.9374380012677,54.1929673476506,36.36558
85901,43,35.0151131869903,100.0,34.841892
85926,43,36.8524752331804,100.0,37.150673
85951,43,42.6226481945394,88.8915448327252,42.28259
85976,43,46.635171858609,0.0,47.320427
86001,33,50.4520777603684,0.0,49.83373
86026,33,48.4459802700974,0.0,49.137802
86051,33,46.6811433017401,0.0,46.2828
86076,33,44.9548085792308,0.0,44.616394
86101,33,43.7287557254029,0.0,42.94896
86126,33,41.2365667741329,0.0,41.84183
86151,33,38.6908529265961,0.0,38.577045
86176,33,36.4837721929022,0.0,35.95556
86201,33,34.3262879798625,0.0,34.045597
86226,33,31.9213522691859,0.0,31.913374
86251,33,28.3370463160476,0.0,29.251345
86276,33,25.3145794647458,62.1571516980374,24.520065
86301,33,21.2975420171366,100.0,21.09223
86326,33,26.9446109077048,100.0,27.069323
86351,33,35.6846809186914,87.1035142049195,35.52931
86376,33,41.9649802395116,0.0,41.47348
86401,41,46.1992064187017,0.0,45.547153
86426,41,43.8366078830318,0.0,45.07603
86451,41,42.1186330754431,0.0,41.325073
86476,41,39.5846234984446,0.0,40.17993
86501,41,37.1074643943358,4.12859278295529,36.869255
86526,41,35.1789823320417,48.4111414421203,34.303425
86551,41,32.3568423206119,82.8919154956409,32.24507
86576,41,33.9673156050599,100.0,33.811863
86601,41,38.7713743416335,100.0,38.655277
86626,41,43.9797797180913,18.7284796867306,44.105164
86651,41,48.2463089515037,0.0,48.34456
86676,41,47.1191816057185,0.0,46.83735
86701,41,44.6078902112996,0.0,45.14407
86726,41,42.6995001206717,0.0,41.96392
86751,41,41.1554698578484,0.0,40.604244
86776,41,38.3414742502703,0.0,39.295063
86801,30,36.9561356166792,26.3668830347907,35.349907
86826,30,35.0021710054153,0.0,34.61227
86851,30,33.5746442416707,0.0,33.86647
86876,30,30.8550708369186,0.0,31.840702
86901,30,27.2881855879925,0.0,27.87797
86926,30,22.9231408057436,27.2871192337813,23.477184
86951,30,19.3087260904648,100.0,18.804155
86976,30,18.7889355620365,100.0,17.07373
87001,30,30.9873429471659,100.0,31.842413
87026,30,38.5628234736223,0.0,38.279247
87051,30,44.0222612865264,0.0,43.986797
87076,30,41.5020982362683,0.0,43.14721
87101,30,39.5302404793667,0.0,38.81886
87126,30,37.452928358426,0.0,37.344025
87151,30,35.4749010719612,0.0,35.14667
87176,30,32.6821563036479,0.0,33.242516
87201,38,29.7304370728031,0.0,29.654295
87226,38,26.5756072192142,100.0,26.523394
87251,38,23.6045013916544,100.0,19.691402
87276,38,33.582693604492,100.0,34.117104
87301,38,39.8427455098044,57.7858817813038,40.248817
87326,38,45.1265264696317,0.0,44.72095
87351,38,46.4543966729288,0.0,46.403465
87376,38,44.4365752783906,0.0,44.891655
87401,38,42.5259493905695,0.0,42.25586
87426,38,40.800850760225,0.0,40.427
87451,38,38.4171017449853,0.0,38.8571
87476,38,35.9397851347772,0.0,35.831703
87501,38,33.198497025331,15.5889136376939,33.241558
87526,38,29.8192099447697,64.5942852495144,30.075045
87551,38,28.1456834081148,100.0,26.926105
87576,38,32.3147484600459,100.0,32.393166
87601,27,39.1127896601998,80.4450139781222,38.800045
87626,27,44.2929917206055,0.0,44.30324
87651,27,46.7530550778998,0.0,47.31885
87676,27,46.5921626396217,0.0,45.349472
87701,27,43.5312908902348,0.0,44.79017
87726,27,41.7717998267282,0.0,40.35875
87751,27,39.4838911145014,0.0,39.80484
87776,27,37.5849493485606,0.0,36.999416
87801,27,35.3192506576254,0.0,35.448086
87826,27,31.8235768164877,0.0,32.81426
87851,27,29.4778272401177,0.0,28.124815
87876,27,26.2915421036786,0.0,26.839262
87901,27,22.3879815538109,0.0,22.829252
87926,27,17.8846445965003,60.9496193448253,18.210968
87951,27,12.0540389884102,100.0,12.590249
87976,27,22.1504736442323,100.0,22.605518
88001,43,33.674500343362,65.2625272488053,33.21992
88026,43,39.7968482444881,100.0,40.046898
88051,43,42.5217503840421,35.8669280179273,43.380478
88076,43,47.0790173938056,0.0,46.75236
88101,43,46.448235390137,0.0,46.582016
88126,43,44.5195809261934,0.0,44.574306
88151,43,42.6765267156553,0.0,42.42237
88176,43,40.4241995080474,0.0,40.64168
88201,43,38.6688011094722,24.6411629731289,37.982613
88226,43,36.4427731077488,56.0249689183169,36.20372
88251,43,34.9301059601452,95.8254085945128,35.236645
88276,43,36.8360872579779,100.0,37.22351
88301,43,42.2361265568399,88.8293284611603,41.93609
88326,43,47.1313181047202,0.0,46.967678
88351,43,50.0035476497712,0.0,50.440395
88376,43,48.5640094252919,0.0,48.562534
88401,32,47.0087967139425,0.0,46.493988
88426,32,44.566362969947,0.0,44.967865
88451,32,42.8752621174725,0.0,41.986862
88476,32,40.9707127222872,0.0,40.937782
88501,32,39.2478547584987,0.0,38.862267
88526,32,36.7028067549797,0.0,37.292797
88551,32,33.3461463800455,0.0,33.94836
88576,32,31.1707296625894,0.0,29.793522
88601,32,27.7108511589564,0.0,28.709518
88626,32,24.7844858151761,55.154049143243,24.004887
88651,32,20.8017832305095,100.0,20.83017
88676,32,25.5493013188164,100.0,25.306194
88701,32,34.6938536923378,93.8451610604635,34.89581
88726,32,40.8941624721782,0.0,40.92974
88751,32,46.3991830567408,0.0,45.167225
88776,32,43.7499706362298,0.0,45.458748
88801,28,41.6885000168798,0.0,40.96751
88826,28,39.6831018364961,0.0,39.439327
88851,28,37.2442218757974,0.0,37.466812
88876,28,34.695521368905,0.0,34.595196
88901,28,31.9552381569114,0.0,31.917654
88926,28,29.6875577927921,0.0,28.969572
88951,28,25.8409004827257,0.0,27.124638
88976,28,22.0814065128545,16.9487649653285,21.751871
89001,28,18.1533717961283,84.1547989583897,18.470482
89026,28,13.6121660778939,100.0,13.805806
89051,28,27.1327931444726,100.0,27.189154
89076,28,36.4889424861515,0.0,35.478294
89101,28,42.1901011864322,0.0,42.556343
89126,28,39.6634825198103,0.0,41.406574
89151,28,37.5963387808001,0.0,36.95586
89176,28,34.858967219668,0.0,35.301098
89201,46,32.4189477396928,0.0,31.90494
89226,46,29.680462769586,100.0,29.720833
89251,46,26.6569467364595,100.0,23.631433
89276,46,35.6308277582559,100.0,35.585175
89301,46,41.0871373859838,100.0,41.865364
89326,46,46.845501753969,66.2710720157056,46.109596
89351,46,50.1778882595171,0.0,50.98423
89376,46,51.5997871128716,0.0,51.9054
89401,46,50.7358009056582,0.0,49.894833
89426,46,48.8490943632073,0.0,48.69229
89451,46,47.1081493182268,0.0,46.698013
89476,46,44.6272569221024,0.0,45.034138
89501,46,42.8826476528301,2.95755140530488,42.012123
89526,46,40.9183700050107,34.1456714716383,40.806507
89551,46,38.7986902283618,69.2644679978057,38.31365
89576,46,38.0882112023072,100.0,38.485096
89601,50,41.6022841510418,100.0,41.239403
89626,50,46.140454044471,100.0,46.437862
89651,50,49.8000202493062,47.4869795179347,50.51328
89676,50,53.0573668813868,0.0,53.48229
89701,50,53.6636546450117,0.0,53.16712
89726,50,52.788238935776,0.0,51.769108
89751,50,50.3200633060364,0.0,50.67983
89776,50,48.6446643394026,0.0,47.773582
89801,50,47.0794157205996,2.71064704609234,46.53404
89826,50,45.9472284473933,30.6926545343373,44.96554
89851,50,43.844151933544,50.9373727174179,43.37539
89876,50,43.195571936333,88.5393995475504,42.378445
89901,50,44.4839852785044,100.0,44.29748
89926,50,47.6465473031256,77.1328675559806,48.08486
89951,50,50.5419237232092,20.6150477905092,51.52434
89976,50,52.9456317423606,0.0,52.614063
90001,36,51.9379905308552,0.0,51.15768
90026,36,50.165087593457,0.0,49.834213
90051,36,49.176123454848,0.0,47.99197
90076,36,47.3697568759482,0.0,47.160206
90101,36,45.9878335996294,0.0,45.277126
90126,36,43.3157483143097,0.0,44.006294
90151,36,41.7306354829339,0.0,40.507404
90176,36,39.3306738200439,0.0,39.845882
90201,36,37.9271272589126,0.0,36.73909
90226,36,34.7599081574615,0.0,36.187332
90251,36,32.729922597366,0.515935894261528,31.399855
90276,36,28.804650780441,36.8048450970281,30.414934
90301,36,26.183720449691,100.0,24.745052
90326,36,26.6600743800641,100.0,26.469677
90351,36,35.5410570897542,100.0,35.494236
90376,36,41.3639123217779,0.0,41.785336
90401,28,45.9069289035408,0.0,46.128784
90426,28,44.445444299459,0.0,44.83851
90451,28,42.6131644806453,0.0,42.49844
90476,28,41.1606224217217,0.0,40.587734
90501,28,38.3970827673274,0.0,39.31598
90526,28,35.9290099065171,0.0,35.453613
90551,28,33.0043278451084,0.0,33.239384
90576,28,30.6197387933959,0.0,29.855356
90601,28,27.1414239214144,0.0,27.955942
90626,28,23.8273749375734,0.0,23.41242
90651,28,19.4436611838927,52.7908507228658,20.22017
90676,28,14.4112558047296,100.0,14.725005
90701,28,21.7474838456103,100.0,21.892302
90726,28,32.6717688837754,90.03081639995,33.080963
90751,28,40.1115995671462,0.0,39.258125
90776,28,43.7982035710314,0.0,44.28713
90801,48,42.1792740408282,0.0,42.666546
90826,48,39.7208951551132,82.2506275565016,40.275234
90851,48,37.760728756899,100.0,35.28479
90876,48,41.2292874129036,100.0,41.496548
90901,48,46.3299368289488,99.2888962682192,46.11496
90926,48,50.1519675600423,8.13071605777341,50.68987
90951,48,53.5302940360723,0.0,53.786682
90976,48,52.0208743854304,0.0,52.05702
91001,48,49.9240054011696,0.0,49.833324
91026,48,48.9114842621826,0.0,47.691883
91051,48,47.295289671219,0.0,46.899876
91076,48,45.4132531472292,0.0,45.235687
91101,48,43.5813321905785,24.4878214063403,43.348633
91126,48,41.7140222861023,57.2394938284419,40.881504
91151,48,40.245855835387,90.6280532869749,40.421677
91176,48,42.4973908800369,100.0,41.98351
91201,32,45.8453139558973,76.6583690571141,46.49274
91226,32,50.052843257411,0.0,49.904327
91251,32,52.0797757798241,0.0,52.66755
91276,32,50.6169280041603,0.0,50.45014
91301,32,49.3339370228326,0.0,48.480053
91326,32,47.9246087732066,0.0,47.26556
91351,32,45.0800076795377,0.0,45.879116
91376,32,43.618620399016,0.0,42.126675
91401,32,41.7940322813293,0.0,41.697037
91426,32,39.3509152096044,0.0,39.768158
91451,32,37.5440220701046,0.0,36.71886
91476,32,35.4779487639967,0.0,35.493484
91501,32,31.9677820433213,0.0,33.16263
91526,32,28.7893109683978,0.0,28.2568
91551,32,25.7806835500833,35.3393418209645,25.359243
91576,32,22.4430664078609,89.1261100692832,22.34359
91601,44,22.9267487683993,100.0,23.359896
91626,44,32.3894083933979,100.0,32.029118
91651,44,39.0425958872893,100.0,39.222393
91676,44,44.0339649655036,66.6834294102275,44.462902
91701,44,48.2319677549067,0.0,48.350452
91726,44,50.0479733336774,0.0,50.139446
91751,44,49.1533472559705,0.0,48.448685
91776,44,47.0472131661895,0.0,47.15347
91801,44,45.3280695530352,0.0,44.80872
91826,44,43.4897164309169,0.0,43.312244
91851,44,41.1296420977632,0.0,41.46254
91876,44,38.8959751290762,29.3436615672685,38.59355
91901,44,36.5360091490625,69.2772111495128,36.24847
91926,44,35.6276391999425,100.0,35.62939
91951,44,39.1878069489146,100.0,39.07807
91976,44,44.2227232835312,64.1099796056704,44.36766
92001,40,48.6424703168929,0.0,48.471745
92026,40,49.8967931744072,0.0,50.244087
92051,40,48.658900247587,0.0,48.21864
92076,40,46.3926741349088,0.0,46.618565
92101,40,44.5697324485583,0.0,43.99738
92126,40,43.2408264054691,0.0,42.548977
92151,40,40.6661259184225,0.0,41.35227
92176,40,39.0802801329211,0.0,37.923176
92201,40,36.1877456279817,0.0,37.244667
92226,40,34.3176641730404,46.1500722389366,33.10074
92251,40,31.0053318295536,79.5867465744209,31.369444
92276,40,32.5697104733606,100.0,32.289246
92301,40,36.91513440531,100.0,37.35566
92326,40,43.3457204179634,33.2089735806177,42.54076
92351,40,48.1641199997773,0.0,47.997475
92376,40,47.4068821286044,0.0,47.2417
92401,35,44.979084491094,0.0,45.482964
92426,35,42.6839217910707,0.0,42.417484
92451,35,41.421961970997,0.0,40.224464
92476,35,38.6447484802337,0.0,39.600124
92501,35,36.4674850198005,0.0,35.690857
92526,35,34.9483480569336,0.0,34.057243
92551,35,31.8238600730975,0.0,33.142517
92576,35,29.0067705321313,34.7346929195095,28.47486
92601,35,25.1295754167895,85.0976403334579,25.670033
92626,35,25.9109818994777,100.0,25.23634
92651,35,33.2058586312685,100.0,32.844627
92676,35,39.3767358437192,10.0976417226173,39.76456
92701,35,45.2276303290514,0.0,44.360477
92726,35,43.3031998552332,0.0,44.187286
92751,35,40.8369889490516,0.0,41.198643
92776,35,39.2237385040089,0.0,38.197964
92801,26,37.0115623132328,0.0,37.367527
92826,26,33.7757771737701,0.0,34.57385
92851,26,31.7309001999917,0.0,30.341333
92876,26,28.8082705578588,0.0,29.398266
92901,26,24.6444864369804,0.0,25.619463
92926,26,21.8511619701858,2.11954688732268,20.24473
92951,26,16.3544592728628,52.0534105769329,18.689169
92976,26,9.61624356554831,100.0,11.204056
93001,26,19.508581121733,100.0,19.818789
93026,26,31.9854725992756,93.998037306064,32.15035
93051,26,38.8358125767585,0.0,38.93016
93076,26,43.5711940948628,0.0,43.495945
93101,26,41.5128773581175,0.0,42.602253
93126,26,39.7261726226164,0.0,39.264935
93151,26,37.8109929788158,0.0,37.716293
93176,26,34.8948647693595,0.0,35.661083
93201,49,32.0166127862596,0.0,31.772757
93226,49,29.3999983702271,100.0,28.901554
93251,49,26.2319518422769,100.0,23.355616
93276,49,35.2904775802233,100.0,35.37764
93301,49,41.7067614257123,100.0,41.594456
93326,49,46.373043557927,100.0,46.710716
93351,49,49.9273886837294,24.9219668698741,50.72824
93376,49,53.7040008334294,0.0,53.69551
93401,49,52.5228557605244,0.0,52.025204
93426,49,51.3574366955153,0.0,50.37295
93451,49,49.3802160458213,0.0,49.245888
93476,49,47.3377924836595,0.0,47.198143
93501,49,46.2989215856795,7.65528404734526,45.154175
93526,49,44.2959483648959,26.2290116919203,44.094357
93551,49,41.8579984119227,62.0385123003963,41.74493
93576,49,40.6899912922893,100.0,40.3492
93601,47,42.9030755363023,100.0,42.93928
93626,47,47.3275974631471,51.2335312472008,47.49955
93651,47,51.593752408936,0.0,51.220985
93676,47,51.9083484760636,0.0,52.08082
93701,47,50.7089280200354,0.0,50.02032
93726,47,48.7367511057767,0.0,48.6118
93751,47,47.296811487188,0.0,46.57489
93776,47,44.4909196153301,0.0,45.26566
93801,47,43.8859736006822,22.8238227748487,41.56819
93826,47,41.2781734160598,33.6431353982849,41.46028
93851,47,40.2306838076931,80.264889445514,38.877552
93876,47,39.4154953021122,99.0022267921069,39.89077
93901,47,42.5200503616405,100.0,42.956203
93926,47,47.6833441512501,58.1135670039413,47.144558
93951,47,51.3270599992598,0.0,51.61671
93976,47,52.4826618981149,0.0,52.351627
94001,41,50.1624286166154,0.0,50.71135
94026,41,49.155531799676,0.0,47.753777
94051,41,47.4881135834892,0.0,47.137344
94076,41,45.0368275378943,0.0,45.414307
94101,41,43.9151857682244,0.0,42.453663
94126,41,41.2102583654649,0.0,42.039425
94151,41,39.2953650836338,0.0,38.350018
94176,41,37.5005974160603,8.41781745876457,37.160496
94201,41,35.1215142454463,40.5032996702824,35.1062
94226,41,32.575478338817,83.0376436895862,32.528492
94251,41,32.7172402128867,100.0,33.2171
94276,41,38.0813106823645,100.0,37.439667
94301,41,43.6474617043501,30.1844153970173,43.57498
94326,41,48.3602051365995,0.0,48.145863
94351,41,47.635193078357,0.0,47.0928
94376,41,45.2136771444437,0.0,45.7095
94401,45,42.9645103238395,0.0,42.66032
94426,45,41.8092578609541,14.3550230188299,40.551186
94451,45,38.9035013218032,35.0099492823683,39.419888
94476,45,37.4474035791005,86.9578536405738,36.407207
94501,45,37.102788988871,100.0,37.173367
94526,45,41.7086105221453,100.0,41.412403
94551,45,46.4944368455372,36.8672143695823,46.593227
94576,45,50.5242516778003,0.0,50.613255
94601,45,50.2903104682837,0.0,49.859066
94626,45,48.2285901714381,0.0,48.362846
94651,45,46.4939438360791,0.0,46.02825
94676,45,45.2993022338912,0.0,44.43982
94701,45,42.8842878961079,0.0,43.369198
94726,45,40.6673956232005,15.8189535138617,40.313885
94751,45,39.3714991953031,55.4508801048055,37.825344
94776,45,37.4252115212743,78.6252212052685,37.576828
94801,23,38.5362364136537,100.0,38.796097
94826,23,42.0824009898549,0.0,42.390823
94851,23,46.5214712682472,0.0,46.39549
94876,23,44.9096149144894,0.0,45.418957
94901,23,42.9105107859308,0.0,42.924038
94926,23,41.4478820602715,0.0,40.73227
94951,23,38.2131702360301,0.0,39.592808
94976,23,35.8645453677575,0.0,34.82389
95001,23,33.4085164358063,0.0,33.286827
95026,23,31.5357444712958,0.0,30.70516
95051,23,27.5576791088661,0.0,29.363337
95076,23,24.4974710652638,0.0,23.361916
95101,23,20.6055329373272,0.0,21.136122
95126,23,15.5696072595109,20.4445097701938,16.421894
95151,23,8.64970331984686,100.0,11.210738
95176,23,4.68561277406988,100.0,6.1076775
95201,24,27.9008833735671,100.0,28.122759
95226,24,36.7367568174626,0.0,36.66573
95251,24,42.57232565916,0.0,42.661533
95276,24,39.9127825452047,0.0,41.79716
95301,24,38.6553760602469,0.0,37.08239
95326,24,35.5170446640105,0.0,36.919304
95351,24,33.1266648414959,0.0,32.191757
95376,24,30.5901615548127,0.0,30.482363
95401,24,27.5205861904372,0.0,27.782923
95426,24,23.1368354098597,0.0,24.1805
95451,24,19.5062210048649,0.0,18.517023
95476,24,13.5998095569432,57.8446049107667,15.557721
95501,24,5.63724324937211,100.0,7.3600855
95526,24,19.3180893754479,100.0,20.19255
95551,24,32.6803025585902,61.2856942349545,32.17962
95576,24,38.7671559750842,0.0,39.517967
95601,36,41.1458244266528,0.0,40.98859
95626,36,38.9688052859729,0.0,39.900345
95651,36,36.775351207095,0.0,36.583687
95676,36,34.0324161260654,0.0,34.35292
95701,36,31.1788815887034,12.7020439360976,31.064928
95726,36,28.6230988874294,63.7136025325063,27.93396
95751,36,25.527198934261,100.0,25.996548
95776,36,30.2664730176986,100.0,29.964437
95801,36,37.4167499778101,80.0762388446548,37.15905
95826,36,43.6672890425788,0.0,42.821636
95851,36,46.4132016062908,0.0,46.8388
95876,36,43.9930161871772,0.0,45.062397
95901,36,42.8710549967854,0.0,41.42878
95926,36,40.3690106272425,0.0,41.02732
95951,36,38.6879451545927,0.0,37.691563
95976,36,36.046363286722,0.0,36.76648
96001,39,33.8620122297111,0.0,33.194412
96026,39,30.7359349023296,69.3469180080134,31.419163
96051,39,27.4187702744817,100.0,26.270538
96076,39,32.4908876399405,100.0,31.897684
96101,39,39.865503408595,93.9145432224637,39.013447
96126,39,44.0941575426545,0.0,45.102196
96151,39,48.3589346936054,0.0,47.72656
96176,39,46.9149614109604,0.0,47.17475
96201,39,44.9439947513469,0.0,44.8949
96226,39,43.1645794802861,0.0,42.81146
96251,39,41.1413432225031,0.0,41.17959
96276,39,38.5388758761339,0.0,38.922745
96301,39,36.834110370955,0.0,35.74859
96326,39,34.2698794353312,16.2123595131233,34.872738
96351,39,31.5392985185718,62.0530827427507,31.281788
96376,39,28.5656025098937,100.0,28.993658
96401,36,32.5021278900174,100.0,32.276237
96426,36,39.2562120976831,40.0798674441939,38.934105
96451,36,44.9125677458283,0.0,44.322433
96476,36,44.8538630747615,0.0,44.93055
96501,36,42.4235955635353,0.0,43.121857
96526,36,40.8028574965308,0.0,39.83424
96551,36,38.0958749671451,0.0,38.935913
96576,36,36.2902774335621,0.0,35.2027
96601,36,33.3880130470145,0.0,34.228485
96626,36,30.9896221798088,24.1714195851992,30.263973
96651,36,27.2503929863498,67.0488010358081,28.276892
96676,36,26.4141309039663,100.0,25.683233
96701,36,31.2710379205352,100.0,31.34006
96726,36,38.2535393692371,62.0734157916923,38.003727
96751,36,44.0302789444979,0.0,43.51166
96776,36,45.893465777285,0.0,45.79833
96801,27,44.1474028264366,0.0,44.42729
96826,27,41.8654651986844,0.0,42.162422
96851,27,39.9180848227489,0.0,39.410324
96876,27,37.3865169090491,0.0,37.758797
96901,27,34.9535458127148,0.0,34.651573
96926,27,32.2614461486298,0.0,32.28729
96951,27,29.1840141034692,0.0,29.324234
96976,27,26.2253105664439,0.0,25.853079
97001,27,22.0968737349631,0.0,22.976809
97026,27,18.014452844479,64.9857203787837,17.705704
97051,27,11.731469905331,100.0,12.6942
97076,27,23.4139751985579,100.0,23.374384
97101,27,33.7547828054584,41.5111240382965,33.780003
97126,27,40.3427651278184,0.0,40.20361
97151,27,40.6066629513888,0.0,40.719143
97176,27,38.3842641705771,0.0,39.057533
97201,43,35.6014621237087,0.0,35.950573
97226,43,33.8481035579187,100.0,32.61202
97251,43,30.5327994563148,100.0,28.7054
97276,43,38.7902058349387,100.0,37.491116
97301,43,43.2037427948252,52.6316308847796,44.377422
97326,43,47.9755020774128,0.0,47.45958
97351,43,48.7728980597906,0.0,48.769703
97376,43,46.9699368663521,0.0,47.059628
97401,43,46.2549889370772,0.0,44.89014
97426,43,43.683191069188,0.0,44.373325
97451,43,41.7345634932953,0.0,40.973007
97476,43,39.2367288323819,0.0,39.59218
97501,43,36.6780260680608,44.6185440244482,36.55199
97526,43,34.5868938507719,90.3642090321102,33.279884
97551,43,34.9696917839755,100.0,35.558647
97576,43,40.0665201436973,100.0,39.9192
97601,24,45.2066536436238,29.848433006076,45.213814
97626,24,50.8172446169796,0.0,49.516205
97651,24,48.6969584931783,0.0,49.406673
97676,24,46.948222483143,0.0,46.45351
97701,24,45.5684539059711,0.0,44.877876
97726,24,42.8893942084218,0.0,43.600143
97751,24,41.9084124156051,0.0,40.070236
97776,24,39.6897965885326,0.0,40.117054
97801,24,36.2984636123215,0.0,37.272663
97826,24,34.2687909587322,0.0,32.742554
97851,24,31.0476770904995,0.0,31.975748
97876,24,29.3141719636215,0.0,27.599909
97901,24,26.0601795286843,0.0,27.250883
97926,24,21.9478286969612,0.0,22.531784
97951,24,17.6408335513298,13.6156479559502,17.57039
97976,24,11.6501698533037,90.6080139171023,13.703025
98001,21,0.0,100.0,5.296876
98026,21,25.9323663769475,100.0,25.324808
98051,21,35.0005371108127,0.0,35.386475
98076,21,41.7905415416826,0.0,41.334618
98101,21,39.4500362040812,0.0,41.18204
98126,21,37.0355581140361,0.0,36.915657
98151,21,34.7508805358766,0.0,34.40745
98176,21,31.4583088937888,0.0,32.222343
98201,21,29.077762440726,0.0,27.94729
98226,21,26.2706800794305,0.0,26.40243
98251,21,22.1666654751661,0.0,23.165493
98276,21,17.2703969147777,0.0,17.798735
98301,21,10.8969355471987,43.4323085352041,12.194393
98326,21,0.0,100.0,5.133476
98351,21,14.8864167206906,100.0,14.1943035
98376,21,30.4263139962581,86.1278983548946,30.798197
98401,44,37.0429650279031,0.0,37.618023
98426,44,42.510084324254,100.0,41.13313
98451,44,39.7086851736531,3.48841316695891,41.390785
98476,44,45.4036022258595,53.5669280105767,43.340176
98501,44,43.018171551993,0.0,43.5382
98526,44,44.307210373666,0.0,43.5728
98551,44,42.4406165597405,0.0,42.80387
98576,44,40.5466263792634,4.74203486717792,40.381744
98601,44,37.8995974239367,38.6007777927491,38.262527
98626,44,36.1359779009391,85.9245444306565,34.92906
98651,44,36.2978542514796,100.0,36.552856
98676,44,40.7984870024461,100.0,40.700603
98701,44,45.732324987714,34.1578638217222,45.805687
98726,44,50.1716886301707,0.0,49.944992
98751,44,49.387243703502,0.0,49.184776
98776,44,48.2530233525757,0.0,47.398075
98801,33,45.9394563108856,0.0,46.241913
98826,33,44.0142035514986,0.0,43.49505
98851,33,42.0343475683663,0.0,41.915466
98876,33,39.9417345012281,0.0,39.865524
98901,33,37.7973941513024,0.0,37.64584
98926,33,35.0502511582243,0.0,35.43141
98951,33,32.4644769706379,0.0,32.088924
98976,33,29.3557776130469,0.0,29.629469
99001,33,26.3439434377879,41.9287688107155,25.997091
99026,33,22.2438339526739,95.7738777266341,22.714794
99051,33,24.7956966276809,100.0,24.463362
99076,33,34.1460935976689,100.0,33.9179
99101,33,40.290446438539,0.0,40.673454
99126,33,45.5041459968389,0.0,45.238472
99151,33,43.5231341099815,0.0,44.547596
99176,33,41.1562651543897,0.0,41.368034
99201,39,39.2029307209411,0.0,38.61403
99226,39,36.974065114538,0.0,37.030922
99251,39,35.0574885270092,12.9770319869163,34.52024
99276,39,31.8145135734713,47.240604500811,32.49423
99301,39,29.2490069768624,100.0,28.960758
99326,39,31.0205064718122,100.0,31.035099
99351,39,38.2029890835617,100.0,37.61371
99376,39,43.3216273894643,0.0,43.816494
99401,39,47.8000664708985,0.0,47.71437
99426,39,46.1369804282079,0.0,46.664585
99451,39,44.8078624066,0.0,44.1054
99476,39,43.0821838639456,0.0,42.871124
99501,39,40.4792317307114,0.0,41.13244
99526,39,38.4488971158878,0.0,37.707806
99551,39,36.1435052777927,0.0,36.196823
99576,39,33.3960351167397,27.8247113451806,33.609306
99601,21,30.3047264505976,76.9424603778372,30.360037
99626,21,29.2959807763891,0.0,29.006851
99651,21,34.6205742827021,0.0,32.284935
99676,21,32.4992967268091,0.0,34.011417
99701,21,29.7474129522176,0.0,30.10232
99726,21,25.8443216907725,0.0,26.728844
99751,21,22.326818123548,0.0,21.70215
99776,21,18.0089160985937,0.0,18.512972
99801,21,12.2555826810916,30.1148000988995,13.424483
99826,21,1.47655751591907,100.0,7.3000417
99851,21,9.53148177796774,100.0,8.123838
99876,21,28.9137164835248,100.0,29.381935
99901,21,36.4962457933439,0.0,37.17798
99926,21,43.0112324893815,0.0,42.2482
99951,21,40.0463954661237,0.0,42.324127
99976,21,38.2151015611152,0.0,36.92966
100001,34,35.9153966162623,0.0,36.148254
100026,34,33.6433101739028,0.0,33.384293
100051,34,30.6179371161431,0.0,31.115616
100076,34,27.7097949045548,37.0082403742194,27.350332
100101,34,24.034825064335,88.9992387092938,24.279558
100126,34,24.5782136165735,100.0,24.911455
100151,34,32.8729927361036,100.0,32.77871
100176,34,40.1123651794833,0.0,39.554264
100201,34,44.8785760908905,0.0,45.24227
100226,34,43.4893949107837,0.0,43.874527
100251,34,40.8574774945983,0.0,41.583458
100276,34,38.8138500436338,0.0,38.06252
100301,34,36.3837846208655,0.0,36.552887
100326,34,34.6049253855372,0.0,33.73451
100351,34,31.6678148234719,0.0,32.551556
100376,34,28.0953023891172,18.2159067480394,28.493822
100401,43,25.390607657371,82.0800529777567,24.46887
100426,43,22.0140652468652,100.0,22.144455
100451,43,31.0874453873862,100.0,30.627205
100476,43,38.2781960482007,100.0,38.11255
100501,43,43.0538190611765,61.0685394144879,43.878586
100526,43,48.2282393108149,0.0,47.333855
100551,43,49.263531412054,0.0,49.579655
100576,43,47.6671718467669,0.0,47.57205
100601,43,45.9885431317861,0.0,45.599358
100626,43,44.2495900543295,0.0,43.959015
100651,43,41.8951182128874,0.0,42.262764
100676,43,40.0358832831301,0.0,39.37192
100701,43,37.7591306190953,29.6154766382698,37.96083
100726,43,34.9021742529511,70.3194035924681,35.06583
100751,43,34.8030649914401,100.0,33.9638
100776,43,37.919379844727,100.0,38.551693
100801,22,43.1268992208695,67.5056112541976,43.2696
100826,22,47.7485471435689,0.0,47.5921
100851,22,49.8624405319028,0.0,49.771603
100876,22,48.4707353138296,0.0,48.313038
100901,22,46.2291894086473,0.0,46.411304
100926,22,44.2098918343738,0.0,43.85554
100951,22,41.9862606689441,0.0,42.02555
100976,22,40.693290516286,0.0,39.587257
101001,22,37.7791539222205,0.0,38.888832
101026,22,35.3741946357264,0.0,34.687634
101051,22,33.8875214425551,0.0,32.738518
101076,22,30.7364323049269,0.0,32.101982
101101,22,27.143129790771,0.0,27.351545
101126,22,23.6842801527274,0.0,23.305788
101151,22,19.8971612899054,0.0,19.93921
101176,22,14.1157663086451,13.718222628446,15.805118
101201,36,6.55010681190581,100.0,9.2832
101226,36,0.0,100.0,1.6861925
101251,36,27.394264144335,100.0,27.131199
101276,36,36.1150250742311,100.0,36.63142
101301,36,42.2818421475844,0.0,42.240757
101326,36,47.3457296852698,0.0,46.981678
101351,36,44.6367096266804,0.0,46.311028
101376,36,43.4827678577367,0.0,41.80672
101401,36,40.5480125260963,0.0,41.61507
101426,36,39.1699075247768,0.0,37.464615
101451,36,36.7588841793683,0.0,37.39779
101476,36,33.9444197627133,0.0,34.13128
101501,36,31.108021181273,12.9715856701976,30.908653
101526,36,28.6655649008198,63.6770460659503,27.88455
101551,36,25.1218098633322,100.0,26.11837
101576,36,30.2717180546308,100.0,29.560091
101601,21,38.0066461720629,78.6803180357188,37.18839
101626,21,43.4682763785384,0.0,43.398064
101651,21,46.1128062641391,0.0,46.469597
101676,21,44.4302515769113,0.0,44.756054
101701,21,42.2325075012947,0.0,42.447712
101726,21,40.309802799859,0.0,39.860348
101751,21,38.3466234783463,0.0,38.177673
101776,21,35.8990015034004,0.0,36.15681
101801,21,33.386485080159,0.0,33.22835
101826,21,30.1400271729702,0.0,30.629683
101851,21,27.3743523764254,0.0,26.65934
101876,21,23.2453117535492,0.0,24.319164
101901,21,20.1526896011865,0.0,18.864368
101926,21,14.9616968452936,0.0,16.717558
101951,21,6.33769540087445,83.7882014370452,9.859405
101976,21,0.0,100.0,0.0
102001,43,25.0408607324725,100.0,24.290684
102026,43,34.5063816436894,100.0,34.664715
102051,43,40.9478275993468,100.0,40.978336
102076,43,46.1527164255529,12.6964450003951,46.04961
102101,43,49.9430217955775,0.0,50.281742
102126,43,47.9435955237266,0.0,48.482788
102151,43,46.3745353806361,0.0,45.78729
102176,43,44.7928187968509,0.0,44.350853
102201,43,42.6392767342759,0.0,42.815697
102226,43,40.7924727272274,0.0,40.312813
102251,43,37.9708847340924,15.4315534432471,38.736656
102276,43,36.0261083534725,65.8726320284438,34.69099
102301,43,33.081955912108,100.0,33.599483
102326,43,36.986196784026,100.0,36.350655
102351,43,42.3738959883097,83.5254984083602,42.56146
102376,43,47.1378330744369,0.0,47.041992
102401,41,49.7810043558571,0.0,50.19523
102426,41,48.3227122488255,0.0,48.312714
102451,41,46.5112981985866,0.0,46.257072
102476,41,45.1392455038748,0.0,44.444016
102501,41,42.9931149448921,0.0,43.18538
102526,41,40.4664400454494,0.0,40.677155
102551,41,38.4905381995761,0.0,37.766758
102576,41,36.2511362699925,20.8272612343593,36.290173
102601,41,33.3684082875333,60.8624742345525,33.590206
102626,41,31.9574877459125,100.0,31.14401
102651,41,35.3356991274593,100.0,35.23692
102676,41,41.0242715983683,77.2763106888386,41.179993
102701,41,45.7555079125866,0.0,45.93548
102726,41,48.1707843292014,0.0,48.54708
102751,41,47.192399001139,0.0,46.717503
102776,41,45.3803802514338,0.0,45.239143
102801,50,43.0385144599795,0.0,43.346985
102826,50,40.838015491913,100.0,40.538567
102851,50,38.7543889728006,100.0,35.845375
102876,50,44.1992742719859,100.0,43.66586
102901,50,47.982388397346,79.7396298468322,48.843956
102926,50,52.6141307657408,12.1301110632952,51.854343
102951,50,54.0725201297405,0.0,55.190346
102976,50,52.5146230491149,0.0,52.217674
103001,50,51.2624662989661,0.0,50.304054
103026,50,49.7810991904027,0.0,49.139812
103051,50,48.1235561593911,0.0,47.666904
103076,50,46.4509095481787,9.58738276326673,46.031822
103101,50,44.5488899477245,39.4903552728239,43.960526
103126,50,42.4365356218661,73.4973048662294,42.10416
103151,50,42.789103629055,100.0,42.194748
103176,50,44.724910962273,100.0,45.828053
103201,24,48.6202525754461,70.3985096512368,49.089596
103226,24,52.8336588043993,0.0,52.420677
103251,24,53.9095371132277,0.0,54.699127
103276,24,52.7471854099254,0.0,52.08306
103301,24,51.3760308370523,0.0,50.59342
103326,24,49.6900623813231,0.0,49.230648
103351,24,48.5158590682938,0.0,47.54559
103376,24,46.4171873034536,0.0,46.49021
103401,24,44.6603223485731,0.0,44.17978
103426,24,41.9903966511555,0.0,42.65807
103451,24,40.1512217188802,0.0,39.17091
103476,24,38.437478258649,0.0,38.096214
103501,24,35.106435831067,0.0,36.483364
103526,24,33.3379634132504,0.0,31.595478
103551,24,29.6624347332262,0.0,31.28177
103576,24,26.4574566752884,0.0,25.772694
103601,46,24.0277946587005,0.0,22.979204
103626,46,19.091233898209,100.0,21.255919
103651,46,14.5952820787271,100.0,10.104489
103676,46,30.5246426794828,100.0,30.207588
103701,46,37.1982310600845,100.0,38.201923
103726,46,42.8559063771861,100.0,42.960884
103751,46,47.8401372360652,31.8362888113349,47.667248
103776,46,51.6483828713808,0.0,51.915035
103801,46,50.8090060857883,0.0,50.238056
103826,46,49.6021845508421,0.0,48.767242
103851,46,47.5561329351818,0.0,47.537876
103876,46,46.0007277039337,0.0,45.369373
103901,46,43.7737140782502,0.0,43.99074
103926,46,41.9670368452369,15.3968060508835,41.38932
103951,46,39.7473703091208,47.6963989286269,39.370014
103976,46,37.2977677951205,87.3824258075242,37.723484
104001,32,38.4835492035415,100.0,38.438538
104026,32,43.1120892840857,0.0,42.75022
104051,32,47.4376859864387,0.0,47.459064
104076,32,45.4057433808357,0.0,46.290493
104101,32,43.5731979211394,0.0,43.220886
104126,32,41.8218913081007,0.0,41.549763
104151,32,39.4440186422587,0.0,39.861465
104176,32,37.3706869769595,0.0,36.874374
104201,32,35.5626446178602,0.0,35.067364
104226,32,32.6823367761083,0.0,33.49131
104251,32,29.5416134577175,0.0,29.571962
104276,32,26.1661409726433,19.3957980707289,26.154602
104301,32,22.4762989396712,79.7381520957716,22.766426
104326,32,19.6351620859646,100.0,19.058525
104351,32,29.3309975452784,100.0,29.163109
104376,32,37.4594781789916,23.2315578012174,36.74745
104401,37,42.8189753121716,0.0,42.983494
104426,37,41.5113104350709,0.0,41.63105
104451,37,39.6078080277814,0.0,39.67934
104476,37,37.231626749902,0.0,37.48678
104501,37,34.7700576536162,0.0,34.641556
104526,37,31.4240108659726,15.3458120030021,32.075027
104551,37,28.9925254260066,75.1616442715028,27.848972
104576,37,25.8547694090819,100.0,26.292414
104601,37,32.1442874956272,100.0,31.3963
104626,37,39.2972505772801,62.3448737697636,38.823257
104651,37,44.3335341592969,0.0,44.415623
104676,37,46.2360902818292,0.0,46.129078
104701,37,43.865198582076,0.0,44.765358
104726,37,42.2867992420862,0.0,41.346134
104751,37,40.1073835247259,0.0,40.38663
104776,37,37.9718744700406,0.0,37.731342
104801,20,35.4485459709642,0.0,35.615948
104826,20,33.3316168602734,0.0,32.70208
104851,20,30.3951527527471,0.0,30.94702
104876,20,26.8927651655616,0.0,27.209105
104901,20,23.1454180664873,0.0,23.138601
104926,20,19.426885466675,0.0,19.123142
104951,20,13.396937821541,0.0,15.394749
104976,20,5.31259070861615,93.3931774009017,8.437778
105001,20,0.0,100.0,0.0
105026,20,26.9134238994429,100.0,26.003828
105051,20,35.4608916229424,0.0,36.193325
105076,20,41.1746830107117,0.0,41.598557
105101,20,39.9938990723363,0.0,40.423847
105126,20,37.3991020629613,0.0,38.229076
105151,20,35.159348674904,0.0,34.604706
105176,20,32.2920058441639,0.0,32.677204
105201,37,29.2418762244806,0.0,29.189972
105226,37,26.079400706065,100.0,25.937243
105251,37,22.6252254708696,100.0,19.075775
105276,37,33.3026337067933,100.0,33.667976
105301,37,39.5515424932397,41.373762273524,40.06055
105326,37,44.9682768390338,0.0,44.48929
105351,37,44.778907390118,0.0,45.089222
105376,37,43.4195239177383,0.0,43.02798
105401,37,40.8718513652721,0.0,41.52055
105426,37,39.0093101864581,0.0,38.15642
105451,37,36.916731928794,0.0,36.92092
105476,37,34.4006153188954,0.0,34.59076
105501,37,31.7539002534218,21.6842497823597,31.65051
105526,37,28.6695229281867,69.0003966301636,28.872541
105551,37,26.0223490308393,100.0,26.624617
105576,37,31.2710723336292,100.0,30.85553
105601,37,37.8649150335717,77.6887095173261,38.03047
105626,37,43.8841351724524,0.0,43.208267
105651,37,46.6800933479857,0.0,46.916428
105676,37,44.7484533685461,0.0,45.328625
105701,37,43.5143839545936,0.0,42.6506
105726,37,41.0127470883332,0.0,41.63276
105751,37,38.2358246945604,0.0,38.342094
105776,37,37.0508158688336,0.0,35.278137
105801,37,34.3269663649802,0.0,35.375748
105826,37,31.4587798359612,22.9910588147976,31.380392
105851,37,27.9542592608362,74.2661813326397,28.399275
105876,37,26.7538773728774,100.0,25.812397
105901,37,32.7272788730155,100.0,31.952185
105926,37,38.9183997920745,51.6501808742993,39.27563
105951,37,44.4947836238604,0.0,43.858665
105976,37,45.7973808203605,0.0,45.37531
106001,27,43.3691120489196,0.0,44.250824
106026,27,41.8422118066418,0.0,40.791046
106051,27,39.2899454258193,0.0,39.964268
106076,27,37.1151062314969,0.0,36.55444
106101,27,34.9697493411901,0.0,34.713593
106126,27,31.8481264319009,0.0,32.57467
106151,27,29.4287877040816,0.0,28.50207
106176,27,26.8716584116964,0.0,26.720392
106201,27,22.512108795419,0.0,24.007978
106226,27,18.5090069219132,55.3018588597833,17.909716
106251,27,11.9078790060275,100.0,13.856255
106276,27,21.1449802969819,100.0,21.380602
106301,27,32.3875768016227,79.8053178092607,32.767117
106326,27,39.308005630252,0.0,38.728035
106351,27,43.0750058924694,0.0,42.66892
106376,27,40.8596243082923,0.0,41.977245
106401,24,38.7896002267734,0.0,38.45718
106426,24,36.5073508586448,0.0,36.50352
106451,24,33.9857496812361,0.0,33.99858
106476,24,31.9298465111739,0.0,31.22635
106501,24,28.9384114938561,0.0,29.588804
106526,24,25.2298104630156,0.0,25.68607
106551,24,21.1004888261175,0.0,21.26479
106576,24,16.3324498172923,26.7564534499706,16.700447
106601,24,9.42762358392571,100.0,11.984533
106626,24,9.31315763446429,100.0,9.841566
106651,24,28.9981510074335,100.0,29.12415
106676,24,36.7396664292712,0.0,37.269928
106701,24,42.8089124275567,0.0,42.478825
106726,24,40.7686475276378,0.0,42.06129
106751,24,38.0178971511889,0.0,38.530304
106776,24,35.9261680916246,0.0,35.082706
106801,38,33.290179031145,0.0,33.591133
106826,38,31.535494637427,59.0229745203309,30.416079
106851,38,27.7335780737448,90.3990379118686,28.145771
106876,38,31.5128764848279,100.0,30.761787
106901,38,37.0512555948938,90.8426968960238,37.261143
106926,38,43.3397644024509,0.0,42.54518
106951,38,47.1682199736412,0.0,47.08508
106976,38,45.6294294750748,0.0,45.95534
107001,38,43.1398271483688,0.0,43.633537
107026,38,41.5361293145733,0.0,40.50169
107051,38,39.2173655246349,0.0,39.653847
107076,38,37.2071809521938,0.0,36.701164
107101,38,34.8244888590028,0.0,34.96174
107126,38,31.9085697034197,31.5916313876797,32.20433
107151,38,29.0678879698472,83.7211566836867,28.610552
107176,38,28.6751015530131,100.0,28.374395
107201,21,34.4284870759058,100.0,34.09886
107226,21,41.1919867550677,0.0,40.63997
107251,21,45.9146959134186,0.0,46.117466
107276,21,44.2949834290894,0.0,44.872734
107301,21,41.9632812105415,0.0,42.32702
107326,21,40.132625801296,0.0,39.462215
107351,21,38.206373601794,0.0,38.085464
107376,21,35.5414884983459,0.0,36.04997
107401,21,32.9734120438932,0.0,32.66255
107426,21,30.0691097088192,0.0,30.160143
107451,21,26.3876785261438,0.0,26.91012
107476,21,23.506416629589,0.0,22.459785
107501,21,17.9531153897777,0.0,20.303822
107526,21,12.2673582197166,28.9275909535041,12.379464
107551,21,4.57761621492262,100.0,7.359814
107576,21,9.35451337865951,100.0,8.574664
107601,36,28.4032325384873,100.0,29.241802
107626,36,36.7191555758209,100.0,36.740524
107651,36,42.3296721388718,0.0,42.699806
107676,36,47.1986587012032,0.0,46.936787
107701,36,45.3271676741602,0.0,46.139465
107726,36,43.1744278869012,0.0,43.27013
107751,36,41.9818139884644,0.0,40.854042
107776,36,39.3745568855439,0.0,40.153988
107801,36,36.8862479957228,0.0,36.588078
107826,36,34.9912876181937,0.0,34.187084
107851,36,31.9606118010787,0.0,32.832363
107876,36,28.5064681869597,46.6767350175541,28.701368
107901,36,25.6171982148756,100.0,24.468079
107926,36,27.260704758069,100.0,28.041159
107951,36,36.5026142502119,100.0,35.754364
107976,36,41.718206178799,0.0,42.595367
108001,31,47.0171609430089,0.0,46.345203
108026,31,45.3174437042904,0.0,46.027355
108051,31,42.9893080685568,0.0,43.305126
108076,31,41.3732477233237,0.0,40.501812
108101,31,38.6750948348359,0.0,39.493607
108126,31,36.2359044356903,0.0,35.796005
108151,31,34.0658034762357,0.0,33.576557
108176,31,31.3091000533435,0.0,31.638414
108201,31,28.5520011767281,0.0,28.30153
108226,31,24.7142812769708,18.1258487190746,25.516619
108251,31,20.8489609572461,86.7308508444687,20.982897
108276,31,17.1395593901718,100.0,16.6037
108301,31,29.1429794008024,100.0,29.037405
108326,31,37.3634948973259,7.63914604015714,36.778667
108351,31,41.9645178713982,0.0,43.059704
108376,31,39.9184795451841,0.0,40.9344
108401,30,38.4968189805499,0.0,37.666237
108426,30,36.6518080320121,0.0,36.736923
108451,30,33.0950779596513,0.0,34.55648
108476,30,31.3994443392085,0.0,29.351433
108501,30,27.8467572642436,0.0,29.392595
108526,30,25.224137171353,12.8305299901813,24.054693
108551,30,20.2493294362281,59.714929654137,22.275942
108576,30,15.6132161034692,100.0,16.51672
108601,30,23.2005651449318,100.0,23.890682
108626,30,33.2722076550754,95.9542982053377,33.75277
108651,30,40.3326433906166,0.0,39.88817
108676,30,45.5337849986974,0.0,45.02282
108701,30,42.9758777253785,0.0,44.574474
108726,30,40.6835428950793,0.0,40.271732
108751,30,38.7821443641474,0.0,38.206837
108776,30,36.8244289342755,0.0,36.65488
108801,20,34.2303867395753,0.0,34.62462
108826,20,31.8442995005785,0.0,31.40517
108851,20,28.1238597983812,0.0,29.19128
108876,20,24.075826682995,0.0,24.176481
108901,20,21.120890266056,0.0,19.779476
108926,20,16.2254598248042,0.0,17.825129
108951,20,9.6427413525528,41.6467022249496,11.194984
108976,20,0.0529120630891538,100.0,3.7856593
109001,20,14.14163299228,100.0,13.562678
109026,20,29.5067085442076,78.9752774374199,30.605877
109051,20,37.7365544063008,0.0,36.694855
109076,20,41.479133136446,0.0,41.277588
109101,20,39.9721470048226,0.0,40.426178
109126,20,36.5530932952794,0.0,38.153385
109151,20,34.9519134871692,0.0,32.973595
109176,20,32.0182588056256,0.0,33.069416
109201,30,29.3626854206377,0.0,28.85101
109226,30,26.3037789886576,0.0,26.43104
109251,30,21.7396571600246,40.0782064481852,22.961636
109276,30,17.6285492171169,100.0,17.181587
109301,30,20.2938189802382,100.0,20.302412
109326,30,31.732202581592,100.0,32.486675
109351,30,39.4139187082335,0.0,38.818897
109376,30,44.5912104173342,0.0,44.720455
109401,30,42.259701824446,0.0,43.65696
109426,30,40.4083786514227,0.0,39.76177
109451,30,38.0380064606941,0.0,38.344486
109476,30,35.9254372103041,0.0,35.461433
109501,30,32.3984494599677,0.0,33.570766
109526,30,30.4879764146156,0.0,28.6759
109551,30,27.341309555865,0.0,28.269615
109576,30,24.0672537418951,21.4588999543627,23.926798
109601,35,20.0354096979575,79.9889021983448,20.758615
109626,35,16.4165474441213,100.0,17.057184
109651,35,27.3699768264708,100.0,27.691885
109676,35,36.5019753726585,100.0,35.63387
109701,35,41.7909360125157,0.0,42.586662
109726,35,47.1005491887585,0.0,46.419865
109751,35,44.7352539920242,0.0,46.109795
109776,35,42.9967957859249,0.0,42.230118
109801,35,41.1452686803353,0.0,41.040295
109826,35,39.3309826831059,0.0,39.088375
109851,35,36.5426349423601,0.0,37.291275
109876,35,34.023332399049,0.0,33.557335
109901,35,31.5454537569193,0.0,31.266474
109926,35,28.3252588697657,35.6862380330915,28.80297
109951,35,24.1380260368398,93.2553484609986,24.715147
109976,35,25.1151364906886,100.0,24.34967
110001,48,33.9425167214592,100.0,33.688087
110026,48,40.5537920414668,100.0,40.471634
110051,48,45.8682302767831,100.0,45.730717
110076,48,49.2283605642277,12.1648312578609,50.320156
110101,48,53.1303248453166,0.0,52.866394
110126,48,51.6254194224969,0.0,51.595554
110151,48,49.905820616886,0.0,49.450745
110176,48,48.4073070725722,0.0,47.749287
110201,48,46.0105815687331,0.0,46.33256
110226,48,44.5268812541435,9.596387663023,43.48852
110251,48,42.7001052054975,36.1222108931707,42.136295
110276,48,40.7945307089731,68.7840032745679,40.31757
110301,48,40.1036300292411,100.0,40.443172
110326,48,42.9362410986695,100.0,42.99234
110351,48,47.6801538785397,64.6110692634852,47.560158
110376,48,51.5061933403795,0.0,51.614944
110401,37,52.8198504134,0.0,52.986458
110426,37,50.9698181618459,0.0,51.061783
110451,37,49.4396793104239,0.0,48.7595
110476,37,48.0981365762456,0.0,47.3281
110501,37,46.2653483483967,0.0,46.05827
110526,37,44.7849083949241,0.0,44.201775
110551,37,42.9962859282088,0.0,42.82441
110576,37,40.2582364164938,0.0,41.00557
110601,37,37.776221559524,0.0,37.357307
110626,37,35.3799518159675,0.0,35.091843
110651,37,32.7944886880991,2.86999584154744,32.75252
110676,37,29.9820354492632,49.0889604155479,29.92561
110701,37,26.9040872263896,99.3714555251002,26.563871
110726,37,29.5083112020464,100.0,29.26581
110751,37,37.3385488862713,100.0,36.742153
110776,37,42.8728096502915,0.0,43.164955
110801,37,47.6687460257443,0.0,47.393063
110826,37,46.2292244617565,0.0,46.584427
110851,37,43.9977924914581,0.0,44.23094
110876,37,41.4433882492881,0.0,41.611458
110901,37,39.7443237716541,0.0,38.727303
110926,37,36.8132609676631,0.0,37.815662
110951,37,34.7822796919384,0.0,33.69617
110976,37,32.2543209713296,13.5306199892636,32.493107
111001,37,29.915896205277,58.72309930717,29.267258
111026,37,25.9741064904078,100.0,27.438074
111051,37,30.3693546458867,100.0,29.558308
111076,37,37.4713213706706,92.4706403530358,37.22295
111101,37,42.8279923007423,0.0,43.028557
111126,37,47.063209097488,0.0,46.607754
111151,37,45.5671975595444,0.0,45.91396
111176,37,43.6460519187918,0.0,43.580135
111201,20,41.4344007101072,0.0,41.54773
111226,20,40.0288318486402,0.0,39.04119
111251,20,37.3018243456941,0.0,38.22629
111276,20,34.7205199545982,0.0,34.38187
111301,20,31.9124728626256,0.0,31.912178
111326,20,29.0269649863519,0.0,28.862528
111351,20,25.3786619827675,0.0,25.875303
111376,20,22.0408374471857,0.0,21.47194
111401,20,17.509454139952,0.0,18.39345
111426,20,11.1975490562039,18.1680892660931,12.739598
111451,20,0.0,100.0,6.244787
111476,20,1.0765296605061,100.0,1.201203
111501,20,27.8920366194021,100.0,27.607079
111526,20,36.7885883317262,0.0,36.97098
111551,20,42.0486410536816,0.0,42.714294
111576,20,39.9966126732659,0.0,41.20387
111601,22,38.4176657698398,0.0,37.739506
111626,22,35.7611534976564,0.0,36.58585
111651,22,33.719732334168,0.0,32.892292
111676,22,29.6429369393297,0.0,31.41015
111701,22,26.8549394695699,0.0,25.374891
111726,22,23.223981489798,0.0,23.77356
111751,22,19.2957232008532,0.0,19.312157
111776,22,12.9977814747075,21.8188443984984,15.067777
111801,22,4.20164630354416,100.0,7.8181214
111826,22,4.56473896700096,100.0,4.722917
111851,22,28.0287896670124,100.0,28.169685
111876,22,36.6914736476428,0.0,36.788406
111901,22,42.6498461574033,0.0,42.594105
111926,22,40.1776592836746,0.0,41.890583
111951,22,37.8958013253487,0.0,37.526443
111976,22,34.9364736825536,0.0,35.401226
112001,39,32.6366575399696,0.0,31.774075
112026,39,30.0205615708085,87.1271556427396,30.072817
112051,39,26.6411121425106,100.0,25.0111
112076,39,34.4240371411213,100.0,33.56628
112101,39,40.8559956014671,55.2429134478806,40.793884
112126,39,45.6373328529372,0.0,45.600414
112151,39,46.1416231685031,0.0,46.72456
112176,39,44.9331561266979,0.0,44.461544
112201,39,43.0920485663929,0.0,43.012066
112226,39,40.9433475487632,0.0,41.062454
112251,39,38.8186285894854,0.0,38.60457
112276,39,36.38775182326,0.0,36.4813
112301,39,34.0575177660126,20.0877678906778,33.737747
112326,39,31.7915109857266,61.746846977812,31.347736
112351,39,28.9090970698804,100.0,29.832996
112376,39,32.8478974179863,100.0,32.537716
112401,31,39.8281401349528,83.421134707786,39.21506
112426,31,44.5791352734356,0.0,44.93268
112451,31,48.5518512527581,0.0,47.671864
112476,31,45.8447921250551,0.0,47.318405
112501,31,44.11646376495,0.0,43.02867
112526,31,42.3108315181841,0.0,42.135475
112551,31,40.4213260430685,0.0,40.30687
112576,31,37.9490310835586,0.0,38.321583
112601,31,35.2434700769002,0.0,35.275536
112626,31,33.6114801108407,0.0,32.323242
112651,31,30.509363122093,0.0,31.686615
112676,31,27.1514215948628,0.0,27.168362
112701,31,23.8531910361843,42.0202381241435,23.53594
112726,31,19.3494932437794,100.0,20.006088
112751,31,22.0151477446045,100.0,22.270374
112776,31,33.1556002558313,100.0,33.287743
112801,25,39.8780471896772,0.0,39.96725
112826,25,44.4845652249094,0.0,44.961926
112851,25,43.6999042460785,0.0,43.468754
112876,25,40.9173690206705,0.0,41.88539
112901,25,38.4461145311764,0.0,37.981083
112926,25,36.6029553762832,0.0,35.77855
112951,25,33.6255885833255,0.0,34.508884
112976,25,31.4678877897182,0.0,30.433147
113001,25,28.8936277741364,0.0,29.026325
113026,25,24.4853025123488,0.0,26.033928
113051,25,21.2338888935529,0.0,19.853575
113076,25,16.0598084440401,40.3508159866268,17.659893
113101,25,9.01537589890618,100.0,11.236033
113126,25,15.0905426189263,100.0,16.030712
113151,25,30.1719326054826,100.0,30.590378
113176,25,37.7823162237828,0.0,37.85079
113201,36,43.4635983974712,0.0,43.335373
113226,36,41.3844381049475,0.0,42.638462
113251,36,39.0454795079963,0.0,39.115574
113276,36,37.1092993833664,0.0,36.508537
113301,36,34.273060211669,0.0,34.932613
113326,36,31.9281487662777,3.90919958541646,31.220047
113351,36,28.7974500402116,45.8285542976374,29.20556
113376,36,25.6314204032881,100.0,25.316347
113401,36,28.0239305362861,100.0,27.885828
113426,36,36.4573561776966,100.0,36.105057
113451,36,42.0177160398875,0.0,42.49637
113476,36,46.632299231638,0.0,46.659164
113501,36,45.1629109973394,0.0,45.552494
113526,36,43.1451964514453,0.0,43.192577
113551,36,40.8331159497895,0.0,40.951748
113576,36,39.1667884844597,0.0,38.33929
113601,43,36.1528602613081,0.0,37.26289
113626,43,34.468028881753,95.4090854504033,32.951115
113651,43,31.4455355518321,100.0,29.700802
113676,43,38.6987385399476,100.0,37.24153
113701,43,43.4697590127315,49.9648724556264,44.22703
113726,43,48.3511612907339,0.0,47.778934
113751,43,48.5190562547039,0.0,48.924213
113776,43,47.2494069817755,0.0,46.711292
113801,43,45.2488259254657,0.0,45.24725
113826,43,43.7288094481464,0.0,43.091625
113851,43,41.145517486278,0.0,41.794365
113876,43,39.0805253571543,6.19513859556182,38.39925
113901,43,36.2898896613506,43.1112355737617,36.553795
113926,43,34.0401016510924,93.0030692003496,33.144817
113951,43,34.8954091236842,100.0,34.81476
113976,43,40.1414768087107,100.0,40.049294
114001,32,45.1729864512688,24.2118786867614,45.28738
114026,32,50.0978750667981,0.0,49.44846
114051,32,48.0320844646872,0.0,48.665104
114076,32,46.7930476220174,0.0,45.829838
114101,32,44.6785029699033,0.0,44.80986
114126,32,43.8031860838135,0.0,42.409077
114151,32,41.0858409051787,0.0,41.97077
114176,32,38.9981529131628,0.0,38.21266
114201,32,36.0929816688695,0.0,36.69751
114226,32,34.002316117469,0.0,32.99313
114251,32,31.6262259555056,0.0,31.649137
114276,32,28.6082631356803,0.0,28.98046
114301,32,24.7372836331032,33.4948262894744,25.327633
114326,32,21.1364521437621,100.0,20.784721
114351,32,21.1231706166784,100.0,20.951845
114376,32,33.2953718708578,100.0,32.919785
114401,45,39.5545316011948,0.0,40.152298
114426,45,44.4830564817233,70.278438944759,44.61135
114451,45,42.0408710330992,0.0,42.88745
114476,45,45.5310772756723,25.8491481735014,43.534023
114501,45,43.1352646381244,0.0,43.853683
114526,45,42.1418201468517,6.29257447527979,40.99168
114551,45,40.6754531092334,24.0547815467192,40.11959
114576,45,38.0578849152743,50.2728162122511,38.350445
114601,45,36.010480303753,97.0720211758294,36.60866
114626,45,37.7596458088877,100.0,37.4041
114651,45,43.1383392105132,100.0,42.788124
114676,45,48.0782053116555,6.31341275249138,47.896137
114701,45,51.6520120907509,0.0,52.08064
114726,45,50.0035552389143,0.0,50.320805
114751,45,47.6723826402119,0.0,47.855515
114776,45,46.4868712995878,0.0,45.228634
114801,21,44.4770055454667,0.0,44.521744
114826,21,43.131565068192,0.0,42.30403
114851,21,40.7771842878543,0.0,41.2437
114876,21,37.7931619245595,0.0,38.24295
114901,21,35.4133937960519,0.0,34.635925
114926,21,33.5033160307041,0.0,32.801846
114951,21,30.5705735049265,0.0,31.315336
114976,21,27.1840861790878,0.0,27.389774
115001,21,24.1708801558407,0.0,23.542025
115026,21,19.995557619198,0.0,20.850569
115051,21,14.7432921963765,0.0,15.54388
115076,21,6.75691645612313,84.536004998686,9.637602
115101,21,0.197051576602132,100.0,0.0
115126,21,25.2348918656363,100.0,24.441742
115151,21,34.4085712812776,0.0,34.79765
115176,21,40.6587123994839,0.0,40.892776
115201,32,38.8594478641681,0.0,40.0038
115226,32,36.8184047301072,0.0,36.82919
115251,32,34.7872177414127,0.0,34.540012
115276,32,31.420170968073,0.0,32.4979
115301,32,28.1580881054216,0.0,27.838602
115326,32,25.4680064185471,41.3482744216772,24.642954
115351,32,21.1566318842536,89.4425226722895,22.040064
115376,32,22.7815400886526,100.0,23.282524
115401,32,32.1253994117069,100.0,31.99452
115426,32,39.3761617352936,0.0,38.994125
115451,32,44.1812084207253,0.0,44.619007
115476,32,42.511900309999,0.0,43.2041
115501,32,41.1354968412149,0.0,40.589054
115526,32,37.6951835141491,0.0,39.303963
115551,32,35.9890910510934,0.0,34.107018
115576,32,33.4785922590635,0.0,34.01806
115601,20,30.5239238852364,0.0,30.724602
115626,20,27.0026091356977,0.0,27.322
115651,20,23.7913774261526,0.0,23.231703
115676,20,19.7828566485959,0.0,20.280704
115701,20,14.4527368719603,0.0,15.484323
115726,20,6.51845983806941,71.7346033668605,9.344396
115751,20,0.296790184535574,100.0,0.0
115776,20,23.3364526538859,100.0,22.086912
115801,20,33.5111645568617,0.0,33.81229
115826,20,40.1295883483273,0.0,40.344223
115851,20,37.909119114401,0.0,39.54613
115876,20,35.1995943499147,0.0,35.472515
115901,20,32.7704157444734,0.0,32.275192
115926,20,29.7993224098778,0.0,30.086016
115951,20,26.7951448272607,0.0,26.574717
115976,20,23.4775921776823,0.0,23.509462
116001,48,18.9712807955451,0.0,19.863605
116026,48,13.2999849663079,100.0,14.218277
116051,48,4.52725455920216,100.0,3.1890676
116076,48,27.9873887665565,100.0,28.018507
116101,48,36.189750199935,100.0,36.75477
116126,48,42.3048651631553,100.0,42.26105
116151,48,46.4388539928314,74.553842936792,47.215168
116176,48,50.8789126315769,0.672190411035157,50.510555
116201,48,52.4347260654493,0.0,53.323013
116226,48,51.1155510920043,0.0,50.740417
116251,48,49.885759198006,0.0,48.986572
116276,48,47.7504059061837,0.0,47.809025
116301,48,46.7407371672369,0.0,45.491306
116326,48,44.4124792693741,0.0,44.796272
116351,48,42.7098682361195,36.8718898572446,41.939037
116376,48,39.9910798112036,67.3145017191882,39.87718
116401,30,40.3167911388315,100.0,39.48476
116426,30,42.0576292114974,0.0,43.228382
116451,30,46.7862565414155,0.0,46.047512
116476,30,44.9187148278081,0.0,45.718716
116501,30,43.6459265182205,0.0,42.865997
116526,30,40.9629336751752,0.0,41.753998
116551,30,39.3967489948019,0.0,38.120895
116576,30,36.4805863613603,0.0,37.573048
116601,30,35.2455660160031,0.0,33.374233
116626,30,31.6305107388079,0.0,33.615154
116651,30,28.9034740846386,0.0,27.817333
116676,30,25.2129717014607,0.0,25.89992
116701,30,21.2757689087075,58.1167513585336,21.264837
116726,30,17.627450759576,100.0,16.65736
116751,30,24.6937496990144,100.0,24.459085
116776,30,33.9809696921796,67.4587363120639,34.456837
116801,39,40.6780073605805,0.0,40.086887
116826,39,43.129161187708,0.0,43.388374
116851,39,40.8549714003154,0.0,41.834248
116876,39,38.9594590765347,0.0,38.397068
116901,39,36.9765111464512,0.0,36.839504
116926,39,33.6676423819804,8.76456335005651,34.754436
116951,39,31.44370954004,67.9153527724993,29.955723
116976,39,28.2497534128919,100.0,28.458406
117001,39,32.8305783057733,100.0,32.498047
117026,39,39.6614559516218,82.9334836344018,39.251015
117051,39,44.6120285448875,0.0,44.77419
117076,39,48.1674194981637,0.0,47.70771
117101,39,45.5715855271731,0.0,46.883636
117126,39,44.1145971359027,0.0,42.85755
117151,39,42.2474436529863,0.0,42.178486
117176,39,40.2782540045909,0.0,40.18626
117201,23,38.4826841502562,0.0,38.102005
117226,23,35.1921090360552,0.0,36.452164
117251,23,33.0748812033852,0.0,31.720129
117276,23,30.2093114395793,0.0,30.68745
117301,23,27.1711393735211,0.0,27.088211
117326,23,23.6722814211254,0.0,23.857166
117351,23,19.5490170852106,0.0,19.88939
117376,23,13.8112058614607,34.1642806798112,15.14206
117401,23,5.68911030631355,100.0,8.773794
117426,23,11.3395914044145,100.0,11.772229
117451,23,29.9351318679067,100.0,29.716097
117476,23,37.0720565235861,0.0,37.93821
117501,23,43.4452063161535,0.0,42.6609
117526,23,40.9344661518797,0.0,42.723537
117551,23,38.5301699706119,0.0,38.25446
117576,23,36.3306440335436,0.0,35.92653
117601,21,34.1355411004915,0.0,33.898056
117626,21,30.7115032009325,0.0,31.685286
117651,21,28.5328673601777,0.0,27.06918
117676,21,24.4898475162489,0.0,26.042362
117701,21,20.3796868164053,0.0,20.202343
117726,21,15.6597247302005,0.0,15.99161
117751,21,9.04501208114066,67.7474496035416,10.780011
117776,21,0.187879941755118,100.0,0.9405694
117801,21,21.239016441381,100.0,21.223118
117826,21,32.9445296833872,0.0,33.034756
117851,21,39.8586417111613,0.0,40.106625
117876,21,37.8796166184818,0.0,39.327847
117901,21,34.6530721121738,0.0,35.670223
117926,21,32.6703033858471,0.0,31.236065
117951,21,29.7645136154262,0.0,30.40554
117976,21,26.7639339818897,0.0,26.601091
118001,42,22.3153900761869,0.0,23.481327
118026,42,18.2433710559919,100.0,17.62878
118051,42,12.3806993070023,100.0,9.40093
118076,42,29.3424025859484,100.0,29.703287
118101,42,37.2990761351686,100.0,37.331627
118126,42,42.4730066289414,56.4038553172466,43.14275
118151,42,47.6230444922603,0.0,46.84899
118176,42,48.5646933901923,0.0,48.68391
118201,42,46.0967682415694,0.0,46.880512
118226,42,44.5999111276819,0.0,43.50849
118251,42,43.192208634266,0.0,42.64244
118276,42,41.4569760137982,0.0,41.292416
118301,42,38.74638543649,0.0,39.509087
118326,42,36.3031751317162,30.4971949329551,35.856277
118351,42,33.9577806797298,74.1772332590483,33.4281
118376,42,32.9781831362308,100.0,33.253586
118401,45,37.8633656644323,100.0,37.107403
118426,45,43.3366690170949,99.9673724123725,43.357433
118451,45,47.4298553670586,2.14886391580425,48.077244
118476,45,51.1553017941981,0.0,51.283318
118501,45,49.9594500965241,0.0,49.85754
118526,45,47.8362420655471,0.0,47.885937
118551,45,46.0059919939329,0.0,45.589207
118576,45,44.2833687761602,0.0,43.95065
118601,45,42.3396273699329,0.0,42.298344
118626,45,40.7471563142603,19.9356796757161,40.207874
118651,45,38.5349376657898,48.4073583224761,38.2166
118676,45,36.858280507075,87.960771478657,36.85796
118701,45,37.7051787060066,100.0,38.175495
118726,45,41.9621476532979,100.0,42.104004
118751,45,46.2630055599679,26.7509164732922,46.790432
118776,45,50.8014677429575,0.0,50.39024
118801,42,49.8052789073388,0.0,49.269207
118826,42,47.5727418653417,0.0,47.76887
118851,42,45.8769097747579,0.0,45.220943
118876,42,44.2873403514022,0.0,43.84803
118901,42,42.4907342377846,0.0,42.32449
118926,42,40.2206341032626,0.0,40.496197
118951,42,38.2054796636121,4.19887090979009,37.76027
118976,42,36.1817962498226,40.2239424768142,35.82222
119001,42,33.629913599248,76.4062101073945,33.483196
119026,42,34.2364200027486,100.0,34.2271
119051,42,38.0463021285321,100.0,38.490715
119076,42,43.7248820784592,43.1298092999843,43.425507
119101,42,47.9831554132193,0.0,48.131397
119126,42,47.8476775575648,0.0,48.060123
119151,42,46.1877031805265,0.0,46.011253
119176,42,45.4396141904026,0.0,44.155067
119201,37,43.2264244818309,0.0,43.57761
119226,37,40.8109524261315,0.0,40.849598
119251,37,39.1119002952247,0.0,38.219486
119276,37,35.9867869920222,0.0,37.177677
119301,37,33.5006810933454,0.0,32.678623
119326,37,31.4368562377285,34.9410557034024,30.769907
119351,37,27.5205723844846,71.8401571452815,28.595522
119376,37,28.1365758859483,100.0,27.740839
119401,37,33.2585441476525,100.0,33.21268
119426,37,39.8162067652367,39.3337246097859,39.640713
119451,37,44.7214920303301,0.0,44.792587
119476,37,44.661226560379,0.0,44.694843
119501,37,42.6944089278549,0.0,42.93489
119526,37,41.121228956748,0.0,40.54444
119551,37,38.7080799024313,0.0,39.256657
119576,37,36.2504451402141,0.0,36.097874
119601,22,34.3441479056096,0.0,33.57386
119626,22,31.3626056577881,0.0,32.168095
119651,22,28.4922528957326,0.0,28.14371
119676,22,25.3652305765919,0.0,25.34956
119701,22,21.0088644377907,0.0,21.949562
119726,22,16.507353864862,0.0,16.397282
119751,22,9.07511488130186,70.5049702781552,11.769626
119776,22,0.306552337514083,100.0,0.4350028
119801,22,22.4184487547776,100.0,21.799374
119826,22,33.3066186643116,0.0,33.469788
119851,22,40.4050492450001,0.0,40.2832
119876,22,37.3698074519644,0.0,39.885204
119901,22,35.5833074485984,0.0,34.160095
119926,22,32.8089855385589,0.0,33.53248
119951,22,29.6936699389745,0.0,29.799742
119976,22,26.4688572316745,0.0,26.332108
120001,33,23.1767961779853,0.0,22.972023
120026,33,18.1831045551994,100.0,19.583834
120051,33,13.0681446768057,100.0,9.011635
120076,33,29.9516025198433,100.0,29.856482
120101,33,37.3643475414351,26.8202083855337,37.815983
120126,33,42.9660961043033,0.0,42.83489
120151,33,42.0258686300872,0.0,41.833454
120176,33,39.6254281132159,0.0,40.2375
120201,33,37.8759497888984,0.0,37.036324
120226,33,35.0264730814742,0.0,35.88282
120251,33,32.2566501124132,0.0,31.968483
120276,33,29.7236221594064,0.0,29.246143
120301,33,26.6421208717471,30.8175074199576,26.911034
120326,33,22.6432094339863,85.9070506157391,23.236898
120351,33,22.5916868198662,100.0,22.05586
120376,33,31.4302732885107,100.0,31.40675
120401,24,38.4609970743066,0.382632983301917,38.381493
120426,24,43.5520347399383,0.0,43.81033
120451,24,42.2433996239065,0.0,42.645683
120476,24,40.2950178944776,0.0,40.388775
120501,24,37.7550615269778,0.0,38.138542
120526,24,35.325676909195,0.0,35.01588
120551,24,32.8921622041147,0.0,32.6665
120576,24,29.6508006322546,0.0,30.204884
120601,24,26.9654593461385,0.0,26.17005
120626,24,22.4379933325849,0.0,23.9819
120651,24,18.7700689436532,0.0,17.6791
120676,24,12.9313373477912,65.5546947654931,14.779586
120701,24,3.92920321038629,100.0,5.9091415
120726,24,21.5911319373676,100.0,21.538805
120751,24,33.0014407017009,15.2137527439941,33.070053
120776,24,39.5998425010437,0.0,39.7559
120801,20,37.5047748293546,0.0,38.686176
120826,20,35.4248090582426,0.0,35.182312
120851,20,32.8659197467603,0.0,33.095867
120876,20,29.4792495519849,0.0,30.060242
120901,20,26.384189485774,0.0,25.859869
120926,20,22.8685813323097,0.0,23.008785
120951,20,18.3888891490427,0.0,19.061913
120976,20,13.0024945526448,0.749833928464181,13.661269
121001,20,2.05646413262557,97.0354274773534,8.193288
121026,20,0.0,100.0,0.0
121051,20,27.5344669882878,100.0,26.788317
121076,20,35.9367770900684,0.0,36.75989
121101,20,41.9863638673235,0.0,41.945747
121126,20,39.9822857166282,0.0,41.260788
121151,20,36.8896455293272,0.0,37.770218
121176,20,34.919163482614,0.0,33.621067
121201,47,32.3686033718987,0.0,32.688354
121226,47,29.6759616073124,100.0,29.565826
121251,47,26.7228870191609,100.0,23.64451
121276,47,36.0210942880524,100.0,35.615986
121301,47,41.5149020620266,100.0,42.207348
121326,47,46.7218971845178,70.0267944186671,46.479042
121351,47,49.9219184471886,0.0,50.859882
121376,47,52.1918806871152,0.0,52.0565
121401,47,50.1727303792176,0.0,50.594955
121426,47,48.9900719600447,0.0,47.95956
121451,47,47.059989701455,0.0,46.94848
121476,47,45.2716800688952,0.0,44.9549
121501,47,43.2212056697941,2.85657114492489,43.24564
121526,47,41.2724666043376,39.5128669014939,40.921654
121551,47,39.3482430444098,74.3554673101904,38.55863
121576,47,39.0199821277306,100.0,39.43915
121601,34,42.1821410199329,100.0,42.453396
121626,34,47.4651063997821,0.0,46.92172
121651,34,51.0673674522153,0.0,51.442204
121676,34,48.6961049474554,0.0,49.702526
121701,34,48.1480890260877,0.0,46.224773
121726,34,45.7885173763357,0.0,46.2354
121751,34,44.1985524223453,0.0,43.299263
121776,34,41.9047824612092,0.0,42.23836
121801,34,40.3855706489486,0.0,39.438877
121826,34,38.4608622641988,0.0,38.552383
121851,34,35.5388772517762,0.0,36.308437
121876,34,32.4020785205813,0.0,32.417652
121901,34,29.8097638610877,0.330512957517215,29.047232
121926,34,26.5520630316949,46.671896606245,26.938116
121951,34,22.9335725676157,100.0,22.657476
121976,34,26.0254554274951,100.0,25.840637
122001,41,34.8591058162654,100.0,35.146538
122026,41,41.5577295214702,81.6120818463214,41.226383
122051,41,46.0108321067876,0.0,46.453575
122076,41,48.6575476363752,0.0,48.959484
122101,41,47.3745431946489,0.0,47.22388
122126,41,45.4722696548594,0.0,45.366375
122151,41,43.7954176684351,0.0,43.393322
122176,41,41.8295422580376,0.0,41.832943
122201,41,39.0657246628152,0.0,39.671867
122226,41,37.2885159004709,6.36805715030872,36.128647
122251,41,34.8207526498464,38.1402141599441,34.99449
122276,41,31.2335660208682,82.2602135312012,32.05289
122301,41,32.1479298197559,100.0,31.501812
122326,41,37.3131421563068,100.0,37.0198
122351,41,43.4037150191748,37.7670878136487,42.933445
122376,41,47.7545055617472,0.0,47.966038
122401,27,47.5552371375069,0.0,47.40071
122426,27,45.5173739718149,0.0,45.717422
122451,27,44.3511547803621,0.0,43.32806
122476,27,41.8184076741109,0.0,42.454777
122501,27,39.8372982485559,0.0,39.126465
122526,27,37.3331825456409,0.0,37.64543
122551,27,34.6776514937507,0.0,34.623573
122576,27,32.4053270945082,0.0,31.798937
122601,27,29.1977745537336,0.0,29.865088
122626,27,26.0349342411385,0.0,25.744368
122651,27,22.6621899367176,0.0,22.592182
122676,27,17.4800997685914,49.1342039340194,18.98808
122701,27,12.391683302837,100.0,12.418856
122726,27,19.5216181376299,100.0,20.253527
122751,27,31.6691114574083,100.0,32.090187
122776,27,38.8791110782339,0.0,38.824203
122801,49,44.0502213691156,0.0,44.19398
122826,49,43.0136582571258,60.1187716082201,43.131474
122851,49,40.2808772090154,78.6589815892661,40.347782
122876,49,42.5802628925016,100.0,41.496544
122901,49,45.0499757638914,86.4405183372409,46.134586
122926,49,49.2355243068278,42.3095031926932,49.16562
122951,49,52.7898662324574,0.0,52.15657
122976,49,52.2292854566333,0.0,52.48405
123001,49,50.7373145434194,0.0,50.1892
123026,49,48.4119994378982,0.0,48.59203
123051,49,47.3694940724955,0.0,45.981133
123076,49,45.0759079057237,0.837635471989515,45.400375
123101,49,43.4848363154088,41.8393239682284,42.63062
123126,49,41.6129736839508,70.2889600717591,40.604847
123151,49,41.9386355119265,100.0,41.49172
123176,49,44.360903402734,97.9576518359827,44.868843
123201,35,48.3302575534091,54.6762251477568,48.75823
123226,35,52.3677124400224,0.0,51.94422
123251,35,53.2332881290247,0.0,53.071136
123276,35,51.5277773306597,0.0,51.39409
123301,35,49.567953079317,0.0,49.323673
123326,35,47.5452589618072,0.0,47.38296
123351,35,46.4874662449413,0.0,45.37479
123376,35,44.2474573408558,0.0,44.54297
123401,35,42.0260943324142,0.0,41.855526
123426,35,40.4036836770099,0.0,39.629627
123451,35,38.25793581322,0.0,38.53739
123476,35,35.601947050671,0.0,35.89521
123501,35,33.7796410230843,0.0,32.732002
123526,35,30.3011372603121,0.0,31.677113
123551,35,27.046961697794,55.4534527656164,26.603397
123576,35,23.9319284157667,100.0,22.915462
123601,40,27.3924381803831,100.0,27.664734
123626,40,36.2353607660274,100.0,35.778957
123651,40,42.4125862231851,38.8396681257382,42.347996
123676,40,46.6893756213836,0.0,47.08023
123701,40,46.869229269109,0.0,46.493343
123726,40,45.0412510735074,0.0,45.114082
123751,40,43.3648763122093,0.0,43.014973
123776,40,40.4836422985995,0.0,41.41542
123801,40,38.9920062050172,0.0,37.45004
123826,40,36.4751334204342,0.0,37.205017
123851,40,34.1220352199137,34.5064741371403,33.744965
123876,40,31.2793778797855,76.5763967200728,31.129564
123901,40,31.364453553455,100.0,31.380304
123926,40,35.6544630246702,100.0,36.03666
123951,40,42.3876400737825,49.2389080087494,41.516644
123976,40,46.5794063410821,0.0,46.983173
124001,23,47.8690609149598,0.0,47.211582
124026,23,45.6596722879808,0.0,46.2577
124051,23,43.9614431072694,0.0,43.31065
124076,23,41.682715492622,0.0,41.9903
124101,23,39.9845354651271,0.0,39.228775
124126,23,37.7442840865018,0.0,38.05851
124151,23,34.7715846244567,0.0,35.287407
124176,23,31.9111172692031,0.0,31.59494
124201,23,29.4785059297613,0.0,28.811764
124226,23,25.9431784672476,0.0,26.7581
124251,23,22.4231253795163,0.0,22.148527
124276,23,17.5647022543339,0.0,18.607838
124301,23,11.828615317481,68.3583299303889,12.514934
124326,23,0.669689557985363,100.0,4.426124
124351,23,22.3059076954383,100.0,21.389997
124376,23,32.5924261203748,0.0,33.41866
124401,43,39.5562678681838,0.0,39.594326
124426,43,37.8844739692575,32.8297605282473,39.042183
124451,43,34.9822865161379,62.7211778513947,35.29072
124476,43,34.6199886375501,100.0,34.491642
124501,43,37.5563343756076,100.0,37.850273
124526,43,42.5564680235058,68.637283010574,42.951885
124551,43,47.291528203972,0.0,47.108273
124576,43,49.0970389881938,0.0,49.47771
124601,43,47.7674588366925,0.0,47.52504
124626,43,46.0869746627017,0.0,45.739697
124651,43,43.8455155799844,0.0,44.054115
124676,43,41.8260785961964,0.0,41.44822
124701,43,40.279106311811,0.0,39.617893
124726,43,38.3697964424816,19.9394401988679,38.444145
124751,43,35.4704899356876,54.0747550155332,35.86345
124776,43,33.4067181465126,100.0,33.372623
124801,33,35.8341785868958,100.0,35.54737
124826,33,41.1532098697194,0.0,41.500362
124851,33,46.9572938727785,0.0,45.868034
124876,33,44.4736600514907,0.0,46.044357
124901,33,42.8196871535115,0.0,41.854412
124926,33,40.1704157543184,0.0,40.89044
124951,33,38.4428063177213,0.0,37.35226
124976,33,35.8123666314442,0.0,36.475876
125001,33,33.2558898830116,0.0,32.96859
125026,33,30.8055944489672,0.0,30.456362
125051,33,27.4985991588605,10.4403739286036,28.081736
125076,33,23.741578581713,69.5580770783198,23.908287
125101,33,20.3357761739118,100.0,19.894552
125126,33,27.8112268333549,100.0,28.064682
125151,33,35.667311936642,64.0343724651485,35.900436
125176,33,42.0399948680522,0.0,41.406643
125201,28,43.8168566523943,0.0,44.21449
125226,28,41.8889403917373,0.0,42.400883
125251,28,39.8857945150121,0.0,39.767605
125276,28,37.6486264222667,0.0,37.673653
125301,28,35.7148089093728,0.0,35.193695
125326,28,33.0215806499875,0.0,33.526478
125351,28,30.0406441951995,0.0,30.090868
125376,28,26.9248556132591,0.0,26.809168
125401,28,23.9353193714152,0.0,23.535297
125426,28,18.6806354885035,43.7731071893989,20.634968
125451,28,12.7868672357503,100.0,13.711324
125476,28,18.30874726174,100.0,19.044798
125501,28,31.3950074639199,100.0,31.623137
125526,28,38.344509029297,0.0,38.677776
125551,28,44.1390402314681,0.0,43.701828
125576,28,41.8017460599,0.0,43.310226
125601,41,40.2449493452376,0.0,39.2938
125626,41,37.5890473423068,0.0,38.409256
125651,41,35.2544012887908,32.0768115871625,34.738956
125676,41,32.6557681560777,73.8166340598889,32.38131
125701,41,32.3510052143867,100.0,32.36455
125726,41,36.5967273941372,100.0,36.650536
125751,41,42.3345797382647,49.8760480134355,42.274227
125776,41,47.4689029486755,0.0,46.82121
125801,41,47.9612592114584,0.0,48.082584
125826,41,46.55402021351,0.0,46.223347
125851,41,44.4789321144253,0.0,44.550987
125876,41,42.1280169416216,0.0,42.244698
125901,41,40.0609638811698,0.0,39.61049
125926,41,37.333453543075,0.0,37.790337
125951,41,35.7032305854472,36.6609981469247,34.41335
125976,41,33.2211674165979,65.8098590650621,33.143616
126001,23,32.502623564623,100.0,33.30601
126026,23,36.4977019724816,0.0,36.195522
126051,23,42.4134373556456,0.0,41.666706
126076,23,41.1315896548159,0.0,41.65501
126101,23,37.8823610416324,0.0,39.315464
126126,23,35.7859036922169,0.0,34.476128
126151,23,32.9552659539146,0.0,33.445023
126176,23,30.2595614155966,0.0,29.894413
126201,23,27.200318570558,0.0,27.299026
126226,23,23.3746339498864,0.0,23.866787
126251,23,18.4950174204422,0.0,19.280823
126276,23,13.7875506536112,51.4286467513801,13.419206
126301,23,5.11532770912647,100.0,8.635183
126326,23,18.6763812247701,100.0,18.263279
126351,23,31.7381691942566,48.2611126991885,31.953665
126376,23,39.1424251137105,0.0,38.91665
126401,41,39.3766928753332,0.0,39.988327
126426,41,37.6639137913464,0.0,37.860523
126451,41,34.4033505164982,30.5644266167073,35.703255
126476,41,32.3378407264319,88.8548432974252,30.938782
126501,41,32.1974489626209,100.0,31.205627
126526,41,37.8918593987022,100.0,37.428226
126551,41,43.7982071013622,26.5543513769459,43.44867
126576,41,48.0369841313682,0.0,48.25873
126601,41,46.0890697864813,0.0,46.543747
126626,41,44.7944613220397,0.0,43.97606
126651,41,42.8219590529184,0.0,42.8637
126676,41,41.3468699909507,0.0,40.667915
126701,41,38.801111656084,0.0,39.49275
126726,41,36.7803730028642,10.2596412123763,36.06688
126751,41,33.1247226622681,46.3855175235105,34.135326
126776,41,31.478274261463,100.0,29.720234
126801,34,33.0662270762251,100.0,32.978416
126826,34,39.1882908480062,0.0,39.190834
126851,34,44.3950355126057,0.0,44.278404
126876,34,42.6372087425482,0.0,43.471115
126901,34,41.248457897785,0.0,40.66919
126926,34,38.7724475544469,0.0,39.41146
126951,34,36.1859206356818,0.0,36.10364
126976,34,33.638093267238,0.0,33.387238
127001,34,30.9772007222018,0.0,30.850517
127026,34,28.3267142030868,24.9557228817883,28.056608
127051,34,24.5272290463493,72.3402805462695,25.382427
127076,34,22.4817365371452,100.0,23.015158
127101,34,29.8300402477204,100.0,29.46897
127126,34,37.5889978838204,45.5310553117455,36.963524
127151,34,42.7865188384184,0.0,42.957268
127176,34,43.7760594095613,0.0,43.346767
127201,33,42.0804934368725,0.0,42.24434
127226,33,39.4830783745982,0.0,40.157146
127251,33,36.8105605117621,0.0,36.70696
127276,33,34.9362593281728,0.0,33.93707
127301,33,32.2809386061135,0.0,32.796257
127326,33,29.6063725041956,0.0,29.378569
127351,33,26.1194141756156,31.5633733702873,26.659258
127376,33,22.3602155977235,93.9007370023394,22.445383
127401,33,22.0783400221779,100.0,21.590761
127426,33,32.5298230350719,100.0,32.40792
127451,33,39.0883847703736,0.0,39.40175
127476,33,44.0019651402721,0.0,44.26485
127501,33,42.5068895690375,0.0,43.04642
127526,33,40.3323163226494,0.0,40.614025
127551,33,38.0688529103278,0.0,37.963078
127576,33,35.9849346734098,0.0,35.593315
127601,27,32.854320451072,0.0,33.657856
127626,27,30.9901579609425,0.0,29.509798
127651,27,27.8898921480662,0.0,28.820433
127676,27,24.3150749152976,0.0,24.524565
127701,27,19.9046203604859,18.8472988258321,20.467009
127726,27,15.002011126123,97.6904902793525,15.930674
127751,27,9.67634077336988,100.0,10.129508
127776,27,28.3612954628699,100.0,28.713238
127801,27,36.8913862021734,0.0,36.677967
127826,27,42.4722750816456,0.0,42.73402
127851,27,40.3863249608476,0.0,41.662308
127876,27,38.4636348039394,0.0,38.101128
127901,27,36.509230123557,0.0,36.31314
127926,27,32.5020323722113,0.0,34.309406
127951,27,30.4033751718204,0.0,28.328026
127976,27,27.6750246197471,0.0,28.006853
128001,26,23.9563768058654,0.0,24.658
128026,26,20.0032793888724,7.30977645432722,19.969213
128051,26,14.0801862984528,77.976200406642,15.973797
128076,26,5.99983039387676,100.0,7.3232574
128101,26,24.4878505222588,100.0,24.39079
128126,26,34.6068418484989,0.0,34.159973
128151,26,41.1538876177875,0.0,41.2206
128176,26,38.3162161320097,0.0,40.528397
128201,26,36.4602722565059,0.0,35.302086
128226,26,33.9392123904258,0.0,34.352734
128251,26,31.1514019945443,0.0,31.179861
128276,26,27.5707305612836,0.0,28.112947
128301,26,24.4380105837026,0.0,23.749554
128326,26,20.4525264633551,0.0,21.007748
128351,26,15.2348705157139,69.8983702889908,16.180792
128376,26,7.83616861277695,100.0,8.460867
128401,27,22.528921644865,100.0,23.347328
128426,27,33.2155976129555,50.7389122314473,33.32293
128451,27,39.8432425290608,0.0,39.796555
128476,27,41.1359055123106,0.0,40.85374
128501,27,39.5203729747759,0.0,39.729362
128526,27,36.5943794256336,0.0,37.66268
128551,27,34.3330300999657,0.0,33.479893
128576,27,31.8730529031327,0.0,31.822319
128601,27,28.8535862200757,0.0,29.150694
128626,27,25.4525846231521,0.0,25.573982
128651,27,22.0620756966183,0.0,21.779629
128676,27,16.7234864583849,58.9347510968395,18.36526
128701,27,10.5740083129039,100.0,11.02808
128726,27,20.88647314345,100.0,21.64359
128751,27,33.0749997578064,80.023080845197,32.644882
128776,27,39.2985019915949,0.0,39.399887
128801,43,43.3690153106019,0.0,42.58495
128826,43,40.8968589694772,0.0,42.307423
128851,43,38.7341392491028,8.30772450550721,38.252834
128876,43,37.0192499169613,46.9712871464745,36.026688
128901,43,33.9660364814574,77.6349693959199,34.56735
128926,43,35.859055935367,100.0,35.022606
128951,43,39.2358927864483,98.4087589306669,40.106503
128976,43,44.5171707590811,38.0645992885007,44.372154
129001,43,48.8640901884253,0.0,48.698925
129026,43,48.1186901302876,0.0,48.46314
129051,43,46.6951972254518,0.0,46.17484
129076,43,45.2723511459945,0.0,44.6852
129101,43,43.0093141288694,0.0,43.306183
129126,43,40.2719030228302,0.0,40.583363
129151,43,38.6925410429091,19.5113046714508,37.37172
129176,43,36.3699792051776,47.7488179106788,36.25024
129201,25,34.435411229871,89.2747440573271,34.69233
129226,25,36.166147174149,0.0,35.784184
129251,25,40.9675183675829,0.0,39.91119
129276,25,39.2896472382881,0.0,40.08741
129301,25,36.7697074372296,0.0,37.376385
129326,25,34.0290642890444,0.0,34.039577
129351,25,31.4908518760012,0.0,31.0637
129376,25,28.4291107006588,0.0,28.690973
129401,25,24.9963933408388,0.0,25.10545
129426,25,21.2062042437363,0.0,21.289001
129451,25,16.2358868424956,38.4009161309939,17.124254
129476,25,9.49420320184525,100.0,11.56387
129501,25,15.4488583941231,100.0,15.371291
129526,25,30.3629489350834,100.0,30.671635
129551,25,37.7022189739023,0.0,37.99137
129576,25,43.575718500362,0.0,43.224113
129601,46,41.6211725638228,0.0,42.775734
129626,46,38.838860846486,48.8606486524852,39.472088
129651,46,36.7086603674468,98.6047717914248,35.189526
129676,46,37.718384391399,100.0,37.895615
129701,46,43.7606920028952,100.0,42.832222
129726,46,48.1672449429821,10.685226827673,48.491573
129751,46,51.5596719280606,0.0,52.028946
129776,46,49.8843126258876,0.0,50.03122
129801,46,47.7490341535378,0.0,47.73558
129826,46,46.4087386268785,0.0,45.48999
129851,46,44.6786013479467,0.0,44.420994
129876,46,43.1790952689633,0.0,42.6804
129901,46,40.787527473776,21.05725343124,41.264862
129926,46,38.3591860886854,63.8131639485929,37.930126
129951,46,37.2280723881145,100.0,36.20651
129976,46,39.567089501727,100.0,40.07508
130001,42,44.5765442160338,85.6793660150206,44.621624
130026,42,48.3867155601515,0.0,48.9269
130051,42,51.3000054550299,0.0,51.37246
130076,42,50.2593754011264,0.0,49.825733
130101,42,48.8105678271454,0.0,48.201805
130126,42,47.0392827162876,0.0,46.731464
130151,42,44.1251902290844,0.0,44.96248
130176,42,42.66748073702,0.0,41.09687
130201,42,41.0082395009206,0.0,40.775723
130226,42,38.7264166690548,0.0,39.11429
130251,42,36.6861748808498,29.1270183936185,36.24014
130276,42,33.8213335795378,65.604041462569,34.145855
130301,42,32.863238571746,100.0,33.104626
130326,42,36.3535115844288,100.0,36.449734
130351,42,42.192386115145,71.6036332037013,42.012188
130376,42,46.8333318907897,0.0,46.961792
130401,28,49.8146308096954,0.0,49.36078
130426,28,47.2973101169286,0.0,48.395557
130451,28,44.712857994363,0.0,44.674423
130476,28,43.3916801573679,0.0,42.00099
130501,28,41.2607253955412,0.0,41.499744
130526,28,39.7812692844788,0.0,38.94183
130551,28,37.2353717055082,0.0,37.973045
130576,28,34.5811532630355,0.0,34.48542
130601,28,31.9367556355191,0.0,31.702717
130626,28,29.2668315395521,0.0,29.041254
130651,28,25.6823174516876,0.0,26.32071
130676,28,22.0930005744213,11.8220858155047,21.83872
130701,28,17.6111528401244,75.9865773448338,18.412868
130726,28,11.0053519945097,100.0,12.727616
130751,28,25.0174705350742,100.0,25.197058
130776,28,34.2951329563224,23.7899926866882,34.485226
130801,44,40.9267892919986,0.0,40.425552
130826,44,39.4975651757798,25.4031270069513,39.892895
130851,44,37.1787089604857,50.9577378125531,37.071964
130876,44,36.2720134716901,92.4178846388604,36.005264
130901,44,37.631566178202,100.0,37.954502
130926,44,42.3408637192039,84.3572890476597,42.40384
130951,44,47.3150737481606,0.193577242815874,46.95456
130976,44,50.6147802173561,0.0,50.438236
131001,44,48.0089624018785,0.0,49.223362
131026,44,47.0045407858178,0.0,45.309772
131051,44,44.5854223331736,0.0,45.05282
131076,44,43.2455274191575,0.0,42.028088
131101,44,41.0672205563773,0.0,41.355057
131126,44,38.4646647344674,22.9243903394462,38.70177
131151,44,36.6324789187796,69.4519750197264,35.526623
131176,44,34.1798612819893,100.0,34.88235
131201,29,38.0288010398599,100.0,37.61158
131226,29,43.5391885522768,0.0,43.41358
131251,29,47.8196490841304,0.0,47.960373
131276,29,46.305254768373,0.0,46.65416
131301,29,44.4153037681025,0.0,44.29254
131326,29,42.645957725835,0.0,42.34879
131351,29,40.1864616030558,0.0,40.669956
131376,29,38.0483023086981,0.0,37.547302
131401,29,36.0553262836319,0.0,35.69064
131426,29,32.8852410091777,0.0,33.814632
131451,29,30.780725854857,0.0,29.503843
131476,29,27.3281258215048,0.0,28.382437
131501,29,24.3416451363959,0.15974066109883,23.62521
131526,29,19.905850589444,53.5470159914241,21.046259
131551,29,14.1323744944072,100.0,15.156863
131576,29,21.7591596950322,100.0,21.926876
131601,37,33.0916672451292,99.7762721111084,33.08128
131626,37,39.8265791874049,40.224733729942,39.921833
131651,37,44.823895507803,0.0,44.78869
131676,37,44.3847894638617,0.0,44.864307
131701,37,42.9381217547825,0.0,42.605385
131726,37,40.7544950420622,0.0,41.039833
131751,37,38.8154709599287,0.0,38.38092
131776,37,36.7445427955395,0.0,36.65309
131801,37,34.128718226931,0.0,34.437252
131826,37,31.0493730932381,21.6277420107321,31.281963
131851,37,28.2886911028022,76.6777909658629,27.835005
131876,37,26.2832746892014,100.0,26.01757
131901,37,32.9299158538897,100.0,31.828259
131926,37,39.5437572487397,43.1227924194887,39.492443
131951,37,44.3312708422473,0.0,44.51445
131976,37,44.5687099085888,0.0,44.62805
132001,21,43.0085241159281,0.0,42.893585
132026,21,41.270904650387,0.0,41.08972
132051,21,38.453900082283,0.0,39.319595
132076,21,36.7677233523463,0.0,35.460617
132101,21,33.9862669951207,0.0,34.823215
132126,21,30.7970519266552,0.0,30.982021
132151,21,27.9704890148741,0.0,27.376839
132176,21,24.8716400036119,0.0,24.863865
132201,21,20.3824101776633,0.0,21.477602
132226,21,15.9522671551835,0.0,15.643978
132251,21,8.33374963577274,60.3115341766464,11.280324
132276,21,0.0,100.0,0.42013973
132301,21,20.0671907301078,100.0,19.499104
132326,21,31.8565876464256,0.0,32.60827
132351,21,39.1233585936574,0.0,39.213055
132376,21,36.7066356163966,0.0,38.668987
132401,33,34.3828210876709,0.0,34.073135
132426,33,31.4728512266851,0.0,31.813742
132451,33,28.514459406576,0.0,28.322493
132476,33,25.3770617208715,50.2508311093752,25.289034
132501,33,21.7723885929515,100.0,21.447365
132526,33,25.6811983218057,100.0,25.321508
132551,33,35.0430575747406,100.0,34.971947
132576,33,40.9233366874186,0.0,41.414726
132601,33,45.7163105308554,0.0,45.753143
132626,33,44.0138979840473,0.0,44.690804
132651,33,41.788299568973,0.0,42.040455
132676,33,39.9181970397944,0.0,39.38547
132701,33,37.8903835104958,0.0,37.831734
132726,33,35.4272001626646,0.0,35.63513
132751,33,33.313933330174,0.0,32.73719
132776,33,29.4832063036276,0.0,30.932615
132801,44,26.2500258160647,32.8724220228528,25.445438
132826,44,23.2403178646826,100.0,22.704168
132851,44,23.019217780517,100.0,22.574932
132876,44,33.5324644821088,100.0,33.805798
132901,44,39.5131018512516,100.0,40.241867
132926,44,45.3660786770551,50.3858885002119,44.811783
132951,44,49.4537975324883,0.0,49.634697
132976,44,49.9375796773813,0.0,50.00582
133001,44,48.3327260538606,0.0,48.137577
133026,44,46.5378961626922,0.0,46.243076
133051,44,44.8631532189523,0.0,44.472668
133076,44,42.8838799482684,0.0,42.868828
133101,44,40.6996827695808,0.0,40.72406
133126,44,38.2728775813531,29.1407300637081,38.325035
133151,44,36.3128925299995,72.5276367995637,35.491707
133176,44,35.7061345399486,100.0,35.364098
133201,50,39.1061961831386,100.0,39.403004
133226,50,43.8810692676677,100.0,44.288193
133251,50,48.3027951750537,79.6079063744764,48.518635
133276,50,52.4934927341005,0.583950564500292,52.189926
133301,50,54.4208847048218,0.0,55.20084
133326,50,53.3505529820236,0.0,52.71938
133351,50,51.3643674607239,0.0,51.193207
133376,50,49.7133791523654,0.0,49.119907
133401,50,47.9542705355045,0.0,47.573853
133426,50,46.2201281661613,6.79113752307095,45.851315
133451,50,44.0974519266815,37.793744953645,43.852814
133476,50,42.237390678924,75.7454748828357,41.536343
133501,50,42.5484313656665,100.0,42.086967
133526,50,44.7707493769196,100.0,45.732388
133551,50,49.0008688324532,63.7599600578115,49.148815
133576,50,52.6707888187023,0.0,52.7372
133601,26,54.6019793466308,0.0,54.023354
133626,26,51.9724504242444,0.0,52.881565
133651,26,50.586171302698,0.0,49.290363
133676,26,49.5521196116835,0.0,48.462612
133701,26,47.7633031651055,0.0,47.517334
133726,26,45.6954165101398,0.0,45.661407
133751,26,44.0307928763815,0.0,43.479897
133776,26,41.6874439284142,0.0,42.063347
133801,26,39.423515390381,0.0,39.17265
133826,26,38.0921508485659,0.0,36.961033
133851,26,35.3185691658534,0.0,36.360275
133876,26,32.8674257122101,0.0,32.334995
133901,26,29.6954645783483,0.0,30.163286
133926,26,26.4041113281963,0.0,26.280552
133951,26,22.8849886830162,0.0,22.843937
133976,26,18.6354038636927,25.4500688231729,19.075165
134001,36,13.1277152641239,100.0,14.649553
134026,36,12.0578472476251,100.0,11.160624
134051,36,29.0431781451064,100.0,29.695414
134076,36,37.3100953226046,94.2572164290352,37.09254
134101,36,41.9930441682645,0.0,43.016537
134126,36,46.9333455895078,0.0,45.918835
134151,36,45.2194394015612,0.0,45.892788
134176,36,43.1246086346493,0.0,43.20777
134201,36,41.6352092431624,0.0,40.858295
134226,36,38.8685747510358,0.0,39.769947
134251,36,36.8245377600251,0.0,35.926888
134276,36,33.8255094990902,0.0,34.543385
134301,36,32.1539956008685,8.68611381890513,30.614649
134326,36,29.2338913964806,38.5695402385216,29.83006
134351,36,24.9880548811261,90.7754506173033,26.39932
134376,36,26.3430403283343,100.0,25.853867
134401,45,34.0778738695416,100.0,33.85923
134426,45,40.6066976435647,100.0,40.50836
134451,45,45.2451595940969,48.4517741214067,45.7693
134476,45,49.0666822108099,0.0,49.372154
134501,45,50.3804638707526,0.0,49.499985
134526,45,48.3735445441953,0.0,48.696453
134551,45,46.9234403033384,0.0,46.21015
134576,45,44.2979371856207,0.0,44.902122
134601,45,43.3683449106352,0.0,41.54326
134626,45,40.9390192189887,0.0,41.540462
134651,45,38.989914688229,42.4920889699091,38.335766
134676,45,36.57641107243,77.3418859145256,36.05696
134701,45,37.1765217175028,100.0,37.134857
134726,45,40.8151696767336,100.0,41.087032
134751,45,45.2819217385618,44.7678129463143,45.769413
134776,45,49.7425707877347,0.0,49.384666
134801,47,49.6100319666964,0.0,49.836475
134826,47,48.798631016492,0.0,47.719944
134851,47,47.136853834498,0.0,46.823162
134876,47,44.3871575338083,0.0,45.07476
134901,47,43.3710420406739,16.6558613674584,41.516346
134926,47,40.5994295711796,34.8250725191375,40.916164
134951,47,38.4149898948223,84.376182534947,38.252403
134976,47,38.5590729594355,100.0,37.868885
135001,47,42.1318077955008,100.0,42.51854
135026,47,46.7999529712959,57.0400326342744,46.89903
135051,47,51.3948753533546,0.0,50.754086
135076,47,52.1537765656023,0.0,52.321377
135101,47,50.7847899758953,0.0,50.33041
135126,47,47.8759164968345,0.0,48.657925
135151,47,47.4207450374641,0.0,44.889835
135176,47,45.7626538706579,0.0,45.545483
135201,25,43.0576320486746,0.0,43.743385
135226,25,41.9408033374407,0.0,40.21569
135251,25,39.1569723171634,0.0,40.126488
135276,25,37.0164145653778,0.0,36.201942
135301,25,34.643828997844,0.0,34.64623
135326,25,32.1605433037623,0.0,32.031395
135351,25,28.7446686905295,0.0,29.419079
135376,25,25.0342112443831,0.0,25.090458
135401,25,21.4228263011944,0.0,21.06549
135426,25,16.9863367115421,33.7511646034769,17.511517
135451,25,10.5504580335506,100.0,12.682335
135476,25,13.7286832943935,100.0,13.834185
135501,25,29.9676631364063,100.0,30.196386
135526,25,37.5557292144358,0.0,37.777912
135551,25,43.3002422775162,0.0,43.141006
135576,25,41.1111545291599,0.0,42.489456
135601,50,38.8525076692045,0.0,38.735985
135626,50,36.3406986354473,100.0,36.389324
135651,50,33.8242352630957,100.0,31.04814
135676,50,40.2129608731736,100.0,39.443787
135701,50,45.642835897548,100.0,45.428627
135726,50,49.6339929278862,47.7785277194594,50.12697
135751,50,52.8821992489527,0.0,53.369007
135776,50,53.5189457364776,0.0,53.028347
135801,50,51.8668884545512,0.0,51.633793
135826,50,50.3384047326013,0.0,49.661
135851,50,48.6205775802675,0.0,48.19947
135876,50,46.6042869799506,0.0,46.503822
135901,50,45.1384359270759,30.5866993271414,44.441383
135926,50,42.9571295898281,56.796775312157,42.468426
135951,50,42.1426059583776,95.7990629199428,41.783005
135976,50,43.7709446685096,100.0,43.9024
136001,25,47.9794621942624,81.2871712606331,47.946835
136026,25,51.8955633469555,0.0,51.87155
136051,25,53.9512404779018,0.0,54.62852
136076,25,52.2183068329036,0.0,52.269077
136101,25,51.1622270747644,0.0,49.988556
136126,25,49.2710200336014,0.0,49.07441
136151,25,47.5259886750342,0.0,47.106247
136176,25,45.6217584749302,0.0,45.438477
136201,25,44.3802481277026,0.0,43.5409
136226,25,42.1223101377089,0.0,42.470814
136251,25,39.74113082764,0.0,39.69233
136276,25,37.0917830323238,0.0,37.171326
136301,25,35.135737503496,0.0,34.24292
136326,25,33.0079256814137,0.0,32.920696
136351,25,29.8577307369808,0.0,30.609856
136376,25,26.478311391257,0.0,26.46494
136401,44,22.6526052827725,0.0,22.835896
136426,44,18.4653428547428,100.0,18.551586
136451,44,11.7953257923171,100.0,9.623464
136476,44,29.2282308250038,100.0,29.570124
136501,44,36.7650951562638,100.0,37.276978
136526,44,43.1313944338873,98.8259829032078,42.676414
136551,44,47.4947169113139,0.0,47.906994
136576,44,51.0165838424064,0.0,51.255596
136601,44,50.0872020621152,0.0,49.641346
136626,44,47.6236115788837,0.0,48.052982
136651,44,46.271413405257,0.0,45.054604
136676,44,44.4243440190328,0.0,44.28596
136701,44,41.7728954856869,0.0,42.387695
136726,44,39.7551350392949,9.27670122955473,38.96865
136751,44,37.6468883769071,45.3494084721817,37.146725
136776,44,36.2024702818693,83.0443036071843,35.131664
136801,40,36.0940880453484,100.0,37.34524
136826,40,40.7740119881827,39.3338989175504,40.28255
136851,40,46.3970449083071,0.0,45.411488
136876,40,45.852190771732,0.0,46.251987
136901,40,43.2024727489862,0.0,44.010532
136926,40,41.8006071742712,0.0,40.414078
136951,40,40.3489173841706,0.0,39.94452
136976,40,38.317395181704,0.0,38.52881
137001,40,34.6852782999559,0.0,36.062897
137026,40,32.624895413886,64.4862923383457,30.886435
137051,40,29.3994451184732,100.0,28.909187
137076,40,33.2690883796841,100.0,33.148254
137101,40,40.1721243914337,89.8554777849008,39.55171
137126,40,45.4065499069184,0.0,45.28707
137151,40,48.5634224560377,0.0,48.879066
137176,40,47.1671574152689,0.0,47.208416
137201,47,44.9988619877857,0.0,45.14705
137226,47,43.6485321419272,5.2764789892372,42.681984
137251,47,41.4836143605583,29.418332661131,41.544685
137276,47,38.7171123279578,68.1241223312357,38.938366
137301,47,37.6565660793124,100.0,37.5702
137326,47,41.0625827806848,100.0,40.733994
137351,47,45.9365682198982,75.7045050402392,45.968174
137376,47,50.1857495532414,0.0,50.108753
137401,47,52.6163528574169,0.0,52.7673
137426,47,50.3995840192926,0.0,51.030415
137451,47,48.5268825823524,0.0,48.081547
137476,47,47.0336692440702,0.0,46.38797
137501,47,45.536974193347,0.0,45.001995
137526,47,43.3770440107558,0.0,43.55073
137551,47,41.4415395328471,34.3210461527027,41.051914
137576,47,38.7767831374729,68.9267116992857,38.664368
137601,49,38.4094280571563,100.0,38.315926
137626,49,41.2739554267631,100.0,41.550957
137651,49,46.2364853921379,100.0,46.117855
137676,49,50.4799196108426,19.0425657007358,50.62548
137701,49,53.2416720835473,0.0,54.268528
137726,49,52.560464743773,0.0,51.502056
137751,49,49.9242496233189,0.0,50.49061
137776,49,49.0377020586176,0.0,47.215473
137801,49,47.6948847572345,0.0,47.04268
137826,49,45.2783062367075,0.0,45.667206
137851,49,44.3646770183042,36.1554905266748,42.730255
137876,49,41.9140897137366,52.4953680902122,41.66749
137901,49,41.4166386157312,96.3105207566713,40.891006
137926,49,42.7425022220776,100.0,42.979195
137951,49,47.6470938487026,81.5371566316814,47.06296
137976,49,51.1069700703845,0.0,51.613525
138001,40,53.2631314121882,0.0,53.79241
138026,40,51.6796139047112,0.0,51.616783
138051,40,50.8604385728408,0.0,49.490566
138076,40,48.3825098822788,0.0,48.82038
138101,40,47.3294467551704,0.0,45.807552
138126,40,44.9097744079592,0.0,45.359833
138151,40,43.2229140279013,0.0,42.355137
138176,40,41.3032437779304,0.0,41.275883
138201,40,38.9389028485574,0.0,39.18385
138226,40,35.8369348772066,0.0,36.376984
138251,40,33.7521886672968,43.971228581829,32.549095
138276,40,31.3293517918192,81.2458606946678,30.684767
138301,40,31.5627272076149,100.0,32.485966
138326,40,37.3623668632393,100.0,36.40515
138351,40,43.1967792879599,16.76886980251,43.02608
138376,40,48.3025415601276,0.0,47.706936
138401,21,45.7596324914963,0.0,46.99176
138426,21,43.9935597156319,0.0,43.097336
138451,21,42.3356394898872,0.0,42.009632
138476,21,39.8148174529228,0.0,40.42004
138501,21,37.3864547804598,0.0,37.114166
138526,21,35.1993868512063,0.0,34.748756
138551,21,33.0967128168163,0.0,32.767284
138576,21,29.2677579836344,0.0,30.723211
138601,21,26.8337460616309,0.0,25.229513
138626,21,23.6784220861425,0.0,24.0857
138651,21,18.9590168100387,0.0,20.219301
138676,21,13.8677799423855,5.7362260629401,14.019222
138701,21,4.38899546130763,96.7468864851959,9.094551
138726,21,0.0,100.0,0.0
138751,21,27.2581722502927,100.0,26.635712
138776,21,36.1729501408648,0.0,36.506718
138801,41,42.7552511359047,0.0,42.225986
138826,41,40.0785624498624,0.0,42.086075
138851,41,37.4095668366441,0.0,37.233665
138876,41,35.5520980428017,33.4903259243008,34.545345
138901,41,32.3839275159232,66.7010271082508,32.952793
138926,41,32.8940150395623,100.0,32.205116
138951,41,36.2567666837554,100.0,36.76425
138976,41,42.0847225936407,54.1572299806946,41.92296
139001,41,46.6961286362907,0.0,46.598248
139026,41,47.377271463876,0.0,47.665417
139051,41,46.0557306048323,0.0,45.68797
139076,41,44.3631251250756,0.0,44.081863
139101,41,42.2289173529578,0.0,42.38087
139126,41,39.7467788892284,0.0,39.916584
139151,41,37.6961948267238,0.0,37.0819
139176,41,34.7118465923744,28.3879077143603,35.41754
139201,45,32.8280644771933,81.7409046050255,31.512714
139226,45,31.9256108352866,100.0,31.68606
139251,45,36.4689598160376,100.0,36.579918
139276,45,42.7087375210432,100.0,42.196785
139301,45,47.5149809355573,10.3907333868216,47.578938
139326,45,51.0379516740776,0.0,51.489906
139351,45,49.2167872294338,0.0,49.552
139376,45,47.8308854531801,0.0,47.06501
139401,45,45.7631883306759,0.0,45.79206
139426,45,44.0386672264743,0.0,43.548462
139451,45,42.5164756044536,0.0,42.06067
139476,45,39.4854339150562,13.7965710516947,40.618935
139501,45,37.1875866745845,67.9822837408147,35.971653
139526,45,35.21971787106,100.0,34.417812
139551,45,38.7979989589918,100.0,38.478554
139576,45,44.4689513730894,80.3245434132357,44.040424
139601,21,48.3835679570209,0.0,48.89408
139626,21,51.3274656255996,0.0,51.133965
139651,21,49.2474064227389,0.0,49.85691
139676,21,47.0969075534363,0.0,47.02988
139701,21,46.1997205079061,0.0,44.817673
139726,21,44.1644978258263,0.0,44.290146
139751,21,41.7875249512855,0.0,41.964703
139776,21,39.3310399896646,0.0,39.242054
139801,21,37.2918941235517,0.0,36.686195
139826,21,35.2425814448269,0.0,35.019997
139851,21,32.3396062532051,0.0,32.940716
139876,21,29.6567613856097,0.0,29.204466
139901,21,25.9846350156268,0.0,26.702341
139926,21,22.9674121342386,0.0,22.061493
139951,21,17.8662604464581,0.0,19.631342
139976,21,11.9466004097583,24.8905668717692,12.614681
140001,50,1.48139038423404,100.0,6.950487
140026,50,6.15390685255135,100.0,5.3001456
140051,50,28.1540204918514,100.0,28.574461
140076,50,36.6716614432897,100.0,36.77341
140101,50,41.8940027600913,100.0,42.67696
140126,50,46.7532967608362,100.0,46.791077
140151,50,50.6332787553139,27.2575679021022,51.078632
140176,50,54.2218905692961,0.0,54.402252
140201,50,53.7543400554369,0.0,52.47997
140226,50,52.5333153425898,0.0,51.682533
140251,50,49.6355758353043,0.0,50.376633
140276,50,48.9369643560204,0.0,46.677505
140301,50,46.890528997893,0.0,46.975574
140326,50,44.9008213712057,24.7893241381205,44.705
140351,50,43.2425401537777,60.3626629956883,42.106956
140376,50,41.7578481630742,90.0164355749382,42.02756
140401,22,43.9691143168141,100.0,43.460365
140426,22,47.2924538756865,0.0,47.762867
140451,22,51.1523634451449,0.0,50.9969
140476,22,49.8879903111287,0.0,49.823223
140501,22,47.8205702668487,0.0,47.8056
140526,22,45.9286292316769,0.0,45.617657
140551,22,44.0888528780627,0.0,43.855015
140576,22,42.5246596064635,0.0,42.058502
140601,22,40.3960621794494,0.0,40.619785
140626,22,37.6191385290973,0.0,38.070778
140651,22,36.1615206853147,0.0,34.655315
140676,22,33.2567803286011,0.0,34.420097
140701,22,30.2193907842208,0.0,30.129103
140726,22,27.0203352380513,0.0,26.936495
140751,22,23.7723332985538,0.0,23.553265
140776,22,19.6050242739925,0.0,20.226812
140801,48,13.6286602956086,11.4345317789041,15.157625
140826,48,5.41002396651622,100.0,8.649097
140851,48,0.0133070876142826,100.0,0.021243975
140876,48,27.4615291203685,100.0,27.16951
140901,48,36.7479257107488,100.0,36.69155
140926,48,42.2488939344421,100.0,42.79847
140951,48,47.1300548785608,71.7997232266227,47.12266
140976,48,50.6504489584202,0.0,51.18019
141001,48,52.6476976737597,0.0,52.884796
141026,48,51.4135373960593,0.0,50.99642
141051,48,49.2406054681448,0.0,49.289146
141076,48,47.8114925421816,0.0,46.957558
141101,48,46.1731022062195,0.0,45.76628
141126,48,43.4266640304905,1.64240209427405,44.144405
141151,48,42.3139972235806,50.7392822624898,40.52994
141176,48,39.7870976302205,70.6389602088717,39.558865
141201,45,40.6131527687198,100.0,40.18345
141226,45,43.8780497228181,47.4492520138652,43.78343
141251,45,48.1606849813479,0.0,47.95752
141276,45,48.6177799435602,0.0,48.564816
141301,45,46.3814662931821,0.0,46.85399
141326,45,44.7195660145307,0.0,44.014256
141351,45,42.5632424396254,0.0,42.73174
141376,45,41.0703300805927,12.5858220753277,40.233402
141401,45,39.3309388028046,39.2773629651969,38.650684
141426,45,36.9008964973971,70.3782266041456,37.387585
141451,45,36.8130393402952,100.0,36.91543
141476,45,39.7757800180241,100.0,40.289417
141501,45,45.4227727035017,62.4783393145047,44.83739
141526,45,49.4488628952644,0.0,49.607895
141551,45,50.1830443477132,0.0,50.879665
141576,45,49.2773788496513,0.0,48.41618
141601,30,46.8080709108547,0.0,47.271893
141626,30,45.3183644606199,0.0,44.225567
141651,30,43.679737809857,0.0,43.339973
141676,30,41.4033701410925,0.0,41.72732
141701,30,39.2091444271896,0.0,38.948875
141726,30,37.5629592443937,0.0,36.810207
141751,30,34.6222083566355,0.0,35.66344
141776,30,31.598648838313,0.0,31.474192
141801,30,30.0050346529123,0.0,28.342508
141826,30,25.3497106580095,0.0,28.080439
141851,30,22.4302250249921,52.009214698829,20.495634
141876,30,17.5153888330961,100.0,18.561115
141901,30,23.1379649536171,100.0,23.09396
141926,30,32.9186988939777,91.6022869139202,33.758224
141951,30,40.2384356006963,0.0,39.44095
141976,30,44.0584590566311,0.0,44.539516
142001,28,42.5763460410283,0.0,42.93872
142026,28,40.3263915971498,0.0,40.68344
142051,28,38.0300462195323,0.0,37.886063
142076,28,36.0365692234161,0.0,35.523144
142101,28,33.8088489726049,0.0,33.795216
142126,28,30.4853021973764,0.0,31.324608
142151,28,27.5359945676929,0.0,26.935406
142176,28,23.6822407805261,0.0,24.309387
142201,28,20.076041148615,45.9512639405672,19.565044
142226,28,14.59016329333,100.0,15.999981
142251,28,19.7973853346199,100.0,20.45835
142276,28,31.5928856337863,100.0,32.21091
142301,28,38.9354814760261,0.0,38.73497
142326,28,44.0640417205132,0.0,44.26288
142351,28,42.9462246373906,0.0,43.13855
142376,28,40.4194303723373,0.0,41.100853
142401,30,38.3453132471745,0.0,37.71917
142426,30,36.4525485656779,0.0,36.050957
142451,30,32.8780651932919,0.0,34.310238
142476,30,30.6672313132533,0.0,29.115538
142501,30,27.5680865106915,0.0,28.167633
142526,30,23.6540908918282,12.1419148223444,24.20061
142551,30,19.7033647313529,82.1103075860108,19.696383
142576,30,14.3576425203314,100.0,14.87745
142601,30,27.5073406329033,100.0,27.158836
142626,30,35.9210478445303,13.3094186959095,35.65913
142651,30,42.3321766801356,0.0,41.787254
142676,30,39.8220464974089,0.0,41.351456
142701,30,37.6787447803122,0.0,37.131546
142726,30,35.2542018528823,0.0,35.312565
142751,30,32.4117928630453,0.0,32.59888
142776,30,29.0498252622219,0.0,29.334442
142801,22,25.8510176309332,0.0,25.449446
142826,22,22.5147480538541,0.0,22.372538
142851,22,18.1700785427912,0.0,18.873543
142876,22,12.1398980271514,37.1086617853774,13.561608
142901,22,2.28101623081497,100.0,6.9250746
142926,22,12.3126317667975,100.0,12.07413
142951,22,29.4350682848875,100.0,30.069439
142976,22,37.4970013645812,0.0,37.418964
143001,22,42.6209988012523,0.0,43.16817
143026,22,40.8943332722152,0.0,41.738632
143051,22,38.7610073000212,0.0,38.949898
143076,22,36.364765737809,0.0,36.414993
143101,22,33.8641593624537,0.0,33.747166
143126,22,30.9592040053483,0.0,31.123333
143151,22,28.0644694321376,0.0,27.808458
143176,22,24.9079500649705,0.0,24.894548
143201,23,21.0404431280028,0.0,21.459932
143226,23,16.1099904053601,3.4870535751108,16.883991
143251,23,9.02454113034242,91.6235058498906,11.22597
143276,23,0.0,100.0,0.0
143301,23,25.7171831764279,100.0,25.553701
143326,23,35.9040170592712,0.0,35.21226
143351,23,40.9053246835888,0.0,42.25181
143376,23,39.3807422243142,0.0,40.056805
143401,23,37.2939812477772,0.0,37.576385
143426,23,35.3421490854206,0.0,34.977238
143451,23,32.2866854635748,0.0,33.133125
143476,23,28.5414787322566,0.0,29.007336
143501,23,25.9384843085162,0.0,24.574919
143526,23,22.0298956837399,0.0,23.022297
143551,23,17.7933808638477,0.0,17.844585
143576,23,11.4694792831708,61.41651270622,13.281062
143601,28,0.239736209971369,100.0,4.3737555
143626,28,20.4832683026218,100.0,19.77604
143651,28,32.0437141610773,100.0,32.754566
143676,28,39.518824374257,0.0,39.07939
143701,28,43.4523201523753,0.0,44.775375
143726,28,42.6916750361568,0.0,42.36784
143751,28,40.6173735394359,0.0,40.912025
143776,28,37.871343105073,0.0,38.345455
143801,28,35.2060022119733,0.0,34.939137
143826,28,33.5402818070961,0.0,32.323303
143851,28,30.5023376085433,0.0,31.582933
143876,28,27.9175766570598,0.0,27.221735
143901,28,24.1271701325018,0.0,25.038265
143926,28,20.2939784712602,37.5012849744602,20.074093
143951,28,14.6148496428526,100.0,16.249958
143976,28,17.2184466816132,100.0,17.552685
144001,38,30.8206707899405,100.0,31.170576
144026,38,38.6028998414639,96.6890521410501,38.25613
144051,38,43.9365682645012,0.0,44.096622
144076,38,47.6737082110187,0.0,47.95951
144101,38,46.1183272761768,0.0,46.43192
144126,38,44.0830328878882,0.0,44.104733
144151,38,42.4401024635557,0.0,41.882366
144176,38,40.343536293493,0.0,40.52407
144201,38,37.5630577592004,0.0,38.047913
144226,38,35.3812746618446,0.0,34.595325
144251,38,32.6167783926892,15.0986665021056,32.955967
144276,38,30.2151709044946,64.5201978646149,29.473873
144301,38,27.7865834963549,100.0,27.765131
144326,38,32.1445831944759,100.0,31.978477
144351,38,39.2248545662218,73.0156919342817,38.676594
144376,38,44.0991381825606,0.0,44.4897
144401,47,46.6476292469186,0.0,46.75337
144426,47,44.2867954718259,0.0,45.260384
144451,47,43.1994150249425,16.8460216039411,41.78141
144476,47,40.7757543973335,36.2893299056328,40.725586
144501,47,39.0339167726235,79.6212045002979,38.661118
144526,47,38.1132441497361,100.0,39.049072
144551,47,43.0102254938322,100.0,41.835106
144576,47,46.5390617403269,39.7343224920951,47.75178
144601,47,51.5049779037059,0.0,50.48239
144626,47,51.0077857504646,0.0,51.038273
144651,47,48.6360228776382,0.0,49.015522
144676,47,47.2991099627893,0.0,46.163624
144701,47,45.5719462608995,0.0,45.28455
144726,47,43.9608576236162,0.0,43.547367
144751,47,41.7581630562399,22.7310242939048,42.00456
144776,47,39.8227400618228,62.1113392681961,39.043488
144801,41,38.2509363056388,96.7193567148117,38.165234
144826,41,40.3285251530063,17.5822333606054,40.610703
144851,41,44.7062499156062,0.0,44.454544
144876,41,43.3983299219836,0.0,43.41674
144901,41,41.7984222438487,0.0,41.508335
144926,41,39.2574162550847,0.0,39.909046
144951,41,36.7430127164914,0.0,36.5322
144976,41,34.7819925808896,44.5322744493978,34.017834
145001,41,32.2469594508582,79.5955239358648,31.776224
145026,41,33.3047765701697,100.0,33.40783
145051,41,37.9394899387315,100.0,37.899685
145076,41,43.5521650447551,23.208581067905,43.39828
145101,41,47.6150562876979,0.0,47.987442
145126,41,46.7205867894844,0.0,46.155632
145151,41,45.2806874191899,0.0,44.795456
145176,41,43.4814765699132,0.0,43.31151
145201,42,41.3228709154685,0.0,41.481613
145226,42,38.6984185638924,0.0,38.97854
145251,42,36.5559729645033,27.4755931298532,35.889008
145276,42,33.7342568232721,65.7795751892607,34.001945
145301,42,33.013985708804,100.0,32.649593
145326,42,36.9499186130268,100.0,36.62312
145351,42,42.0811372952199,58.7911885549483,42.534615
145376,42,46.550611926534,0.0,46.490337
145401,42,47.9749401044127,0.0,47.85393
145426,42,46.0657461543081,0.0,46.380383
145451,42,44.6965934681422,0.0,43.97981
145476,42,42.5749719469655,0.0,42.756798
145501,42,40.3067256271427,0.0,40.277943
145526,42,38.1418467905559,0.0,37.848965
145551,42,35.9234813590662,37.4591228639327,35.759937
145576,42,32.8566144334931,77.1214812572372,32.944214
145601,43,33.4120390170071,100.0,33.116516
145626,43,38.1237996737916,100.0,37.81921
145651,43,43.6486140217976,55.7241518843813,43.554688
145676,43,47.7619877013443,0.0,47.971302
145701,43,48.9461567315075,0.0,48.79891
145726,43,47.3502672788203,0.0,47.286427
145751,43,45.5415520668306,0.0,45.29226
145776,43,43.4140702964859,0.0,43.503887
145801,43,41.7848418107577,0.0,41.119873
145826,43,39.2022316262968,0.0,39.89066
145851,43,36.9674102382991,36.417606774611,36.437263
145876,43,34.7163128371264,76.373973335168,34.02896
145901,43,34.6077464746878,100.0,34.89081
145926,43,39.2806422120435,100.0,38.72233
145951,43,43.9004209793758,35.0783736223711,44.5236
145976,43,48.1346503159892,0.0,48.246815
146001,27,47.9472879098238,0.0,47.46625
146026,27,46.3490398768073,0.0,46.09937
146051,27,44.3484466960025,0.0,44.32143
146076,27,42.3121389811417,0.0,42.182896
146101,27,40.6458292292859,0.0,40.092888
146126,27,38.5914829365829,0.0,38.748707
146151,27,35.9793404329909,0.0,36.318207
146176,27,33.6724206795599,0.0,33.15447
146201,27,30.5291620641798,0.0,31.112192
146226,27,26.9989381251723,0.0,27.14959
146251,27,24.4021309835727,0.0,23.2196
146276,27,20.0847545808715,14.7501915757543,21.476484
146301,27,14.7133198792808,91.9294062608991,16.073524
146326,27,7.48318189200949,100.0,8.691602
146351,27,26.8824893055079,100.0,27.189219
146376,27,35.464537940637,0.0,35.543713
146401,22,41.7317744101401,0.0,41.607742
146426,22,39.9618372676662,0.0,41.04661
146451,22,37.535265507687,0.0,37.969704
146476,22,35.3757457494066,0.0,34.900738
146501,22,32.3804913306549,0.0,32.97135
146526,22,29.4857127476237,0.0,29.15881
146551,22,25.9314637995649,0.0,26.329887
146576,22,22.7395752463783,0.0,22.11887
146601,22,17.9509399652637,0.0,19.236652
146626,22,12.1666996174178,40.5580857378192,12.956606
146651,22,1.78659430763229,100.0,6.9726877
146676,22,14.4900034518466,100.0,13.581466
146701,22,30.0257659323498,100.0,30.642067
146726,22,37.8486398321016,0.0,37.76905
146751,22,43.3521336894601,0.0,43.425545
146776,22,41.368538480406,0.0,42.503963
146801,47,39.374541555903,0.0,39.189564
146826,47,37.1032675198124,100.0,37.165924
146851,47,34.3564062997115,100.0,31.96991
146876,47,40.4288266431288,100.0,39.856514
146901,47,45.7357615925122,85.657744015121,45.587456
146926,47,49.4383815700535,0.0,49.960587
146951,47,52.1463978444337,0.0,52.381077
146976,47,50.8671294354631,0.0,50.61594
147001,47,49.5570109691934,0.0,48.75224
147026,47,47.8674581317231,0.0,47.477394
147051,47,45.0356668259912,0.0,45.77842
147076,47,43.894043565189,3.29391187350162,42.093956
147101,47,41.7093012824484,23.7050487541342,41.926266
147126,47,39.7956990508286,62.7646238206347,39.05519
147151,47,38.3362608237488,96.9827100795719,38.220398
147176,47,40.8608340729791,100.0,40.768883
147201,31,45.3341745961463,77.9807511230274,45.526306
147226,31,49.3185318545595,0.0,49.540977
147251,31,51.4830123943273,0.0,51.96057
147276,31,49.8092129635206,0.0,49.891933
147301,31,47.8120939002943,0.0,47.663044
147326,31,46.207454158043,0.0,45.657967
147351,31,45.2898898043961,0.0,44.183155
147376,31,43.1113734506398,0.0,43.404953
147401,31,40.2604776999353,0.0,40.766075
147426,31,38.9480415697567,0.0,37.253246
147451,31,36.5657366805015,0.0,37.194035
147476,31,34.7317209850392,0.0,33.963264
147501,31,30.3491149131963,0.0,32.627644
147526,31,28.2033146062351,0.0,25.799944
147551,31,24.4848278610658,17.8808444646516,25.740475
147576,31,20.5234228564708,84.3553742369405,20.838533
147601,20,16.7584235297343,100.0,16.36749
147626,20,28.122938792791,25.8798247496784,28.488052
147651,20,36.8975126501131,0.0,35.757256
147676,20,35.8195278812984,0.0,36.217712
147701,20,33.2780017889209,0.0,34.199604
147726,20,30.0365533615171,0.0,30.49279
147751,20,27.6018118109828,0.0,26.559557
147776,20,23.3135330905234,0.0,24.860727
147801,20,19.0664535370664,0.0,18.783794
147826,20,13.7378529471019,0.0,14.542165
147851,20,5.05845944820321,79.7057439997001,8.771718
147876,20,0.216820289557395,100.0,0.0
147901,20,24.1172876192956,100.0,23.673798
147926,20,34.2580361344349,0.0,34.105442
147951,20,40.8472359468536,0.0,40.951206
147976,20,38.4713929820502,0.0,40.237446
148001,42,36.1407838949853,0.0,35.89398
148026,42,33.896485435247,72.4640498879583,33.58281
148051,42,30.718734105185,100.0,29.839998
148076,42,35.2427905854588,100.0,34.81901
148101,42,41.73607482246,88.5750667976617,41.204254
148126,42,46.5772065652204,0.0,46.592506
148151,42,49.0549543100047,0.0,49.884075
148176,42,47.6618332519669,0.0,47.584114
148201,42,46.2020634693855,0.0,45.627037
148226,42,44.6492657780336,0.0,44.20136
148251,42,42.066179616641,0.0,42.681236
148276,42,40.1717243146149,0.0,39.329266
148301,42,37.6507059418204,0.429936047338053,38.064835
148326,42,35.4785567800868,45.4974404795901,34.923065
148351,42,33.1528103247265,84.33483845985,32.30773
148376,42,34.3999901530069,100.0,34.341652
148401,32,39.1265629948234,100.0,39.054398
148426,32,44.1559173653273,0.0,44.398
148451,32,48.4359734948891,0.0,48.414917
148476,32,46.776381665872,0.0,47.251713
148501,32,44.9135008075989,0.0,44.72571
148526,32,43.1847310373435,0.0,42.86405
148551,32,41.2729221253858,0.0,41.23139
148576,32,39.3835371631025,0.0,39.160637
148601,32,36.7510876022602,0.0,37.27358
148626,32,33.9681562504691,0.0,33.914757
148651,32,31.260574698288,0.0,30.96233
148676,32,28.8820118182715,0.0,28.298811
148701,32,24.9288856965745,23.3233813497537,26.206602
148726,32,20.7663387971143,93.9928458422842,21.147158
148751,32,18.9929217843569,100.0,17.273262
148776,32,31.0374855853951,100.0,31.012955
148801,34,38.1085634594765,0.0,38.30744
148826,34,44.0628161752286,0.0,43.522842
148851,34,41.4753298967341,0.0,43.260048
148876,34,39.5530983172472,0.0,38.728394
148901,34,37.4566028979452,0.0,37.41387
148926,34,34.7347043869404,0.0,35.13232
148951,34,31.9871499708634,0.0,31.794022
148976,34,29.128989667928,3.5784497920604,28.99495
149001,34,26.1392050204442,54.6728004367241,25.942856
149026,34,22.2951394995172,100.0,22.599272
149051,34,26.3021793796523,100.0,26.158817
149076,34,35.9278017979163,100.0,35.259212
149101,34,41.4583604386962,0.0,42.155724
149126,34,46.2946625094153,0.0,46.166576
149151,34,44.8766519644755,0.0,45.258045
149176,34,42.6654892024859,0.0,42.923416
149201,40,40.2223396164193,0.0,40.284996
149226,40,38.5631819370007,0.0,37.598923
149251,40,35.9465171712657,0.0,36.660896
149276,40,34.0304576280723,40.040972727131,33.11705
149301,40,31.1715670095421,74.3000728800662,31.168697
149326,40,31.2733109006313,100.0,31.924402
149351,40,36.4271439529202,100.0,35.845173
149376,40,42.3206622967531,31.5146465965563,42.215927
149401,40,46.4091208334016,0.0,47.00217
149426,40,46.6115022349609,0.0,45.471268
149451,40,44.0858433025929,0.0,44.867935
149476,40,41.4976180208942,0.0,41.423145
149501,40,40.7924844777176,0.0,38.750206
149526,40,37.3116623804177,0.0,39.080196
149551,40,35.4687050482307,15.6611950625721,33.68151
149576,40,32.6241601071447,48.6103816896641,33.015835
149601,39,30.366584729371,99.4672823829495,30.265713
149626,39,31.9415303589145,100.0,32.190346
149651,39,39.1348327648082,93.8319509053373,38.22973
149676,39,44.1446469219108,0.0,44.467068
149701,39,48.6343996665532,0.0,47.881336
149726,39,46.298011278879,0.0,47.47527
149751,39,44.3947366580808,0.0,43.835682
149776,39,42.4035237455416,0.0,42.31901
149801,39,40.8320281421673,0.0,40.227673
149826,39,38.1060615426938,0.0,38.97633
149851,39,35.8209798983899,0.0,35.195095
149876,39,34.0318767345189,24.4282372007501,33.30271
149901,39,30.6900775355024,56.4159348997323,31.72103
149926,39,29.6736273994916,100.0,29.480473
149951,39,32.7336696611671,100.0,32.785503
149976,39,39.3482236459035,79.6745632300189,39.04974
150001,28,44.6925275757832,0.0,44.5074
150026,28,46.9548588803014,0.0,47.708065
150051,28,45.5199615060859,0.0,45.515766
150076,28,44.0227054067046,0.0,43.544228
150101,28,42.0455521585953,0.0,42.08291
150126,28,39.0668440601469,0.0,39.87938
150151,28,37.4976179607958,0.0,35.9273
150176,28,34.6760050455521,0.0,35.667473
150201,28,31.5564787620261,0.0,31.640785
150226,28,29.0557604862917,0.0,28.20949
150251,28,26.1463097877437,0.0,26.266975
150276,28,22.5633860945316,0.541798059848219,22.943424
150301,28,18.4672258156371,64.5909198822394,18.683603
150326,28,11.3420317267651,100.0,13.268837
150351,28,23.1018811148063,100.0,23.17854
150376,28,33.220808873194,55.0397247506729,33.633396
150401,21,40.2145105719411,0.0,39.643856
150426,21,41.557781165867,0.0,41.56668
150451,21,39.4593033694607,0.0,40.145958
150476,21,36.9296924644252,0.0,37.15308
150501,21,35.0773552075253,0.0,34.19204
150526,21,32.1110111682475,0.0,32.95945
150551,21,28.7665997488002,0.0,28.913887
150576,21,26.2410582053244,0.0,25.179945
150601,21,22.4171132991447,0.0,23.400867
150626,21,17.4017912158406,0.0,18.315405
150651,21,12.0601022796418,31.5354182312034,12.231964
150676,21,0.550833198887523,100.0,7.3444934
150701,21,10.2474997238793,100.0,8.572445
150726,21,28.7859935848986,100.0,29.593569
150751,21,36.5065298167646,0.0,37.008358
150776,21,42.7613787948486,0.0,42.279167
150801,27,40.7617338861884,0.0,42.042877
150826,27,38.6155937048178,0.0,38.561604
150851,27,36.4767053774304,0.0,36.256058
150876,27,34.1623649865046,0.0,34.102715
150901,27,31.51066577565,0.0,31.60002
150926,27,28.1888731616506,0.0,28.604046
150951,27,24.1261972445855,0.0,24.617783
150976,27,19.0957561285334,18.4713172382833,19.816555
151001,27,15.0121866906771,100.0,14.720557
151026,27,10.3061187078245,100.0,9.917617
151051,27,28.9001033020284,100.0,29.274109
151076,27,37.1836391385698,0.0,37.10464
151101,27,42.361737303614,0.0,42.94019
151126,27,40.5602388784838,0.0,41.495277
151151,27,38.745825084138,0.0,38.54436
151176,27,35.9917036735809,0.0,36.70017
151201,29,33.5775055795359,0.0,33.03317
151226,29,30.9699310774289,0.0,30.915255
151251,29,27.6911937358673,0.0,28.099506
151276,29,23.8251519334995,0.0,24.155722
151301,29,20.1060205846821,59.5377563477235,19.697794
151326,29,14.415319458352,100.0,15.484765
151351,29,23.1638431191796,100.0,23.323923
151376,29,33.6186833725407,71.4260587813174,33.715233
151401,29,39.9647862892355,0.0,39.775715
151426,29,43.6631627682835,0.0,42.824013
151451,29,40.9179173844151,0.0,42.537346
151476,29,38.5690826687728,0.0,38.01678
151501,29,36.3156401483707,0.0,36.018093
151526,29,34.6655815249688,0.0,33.832104
151551,29,31.1433985717306,0.0,32.73418
151576,29,28.9779461988726,0.0,27.41289
151601,31,25.0900395114103,0.0,26.5043
151626,31,20.4173585975335,72.601795671278,20.95467
151651,31,15.6009715386147,100.0,14.532414
151676,31,25.9158692824039,100.0,26.333338
151701,31,35.6422891867692,57.9151135751726,34.968395
151726,31,41.1468728458953,0.0,41.660477
151751,31,43.1918376799132,0.0,42.767403
151776,31,41.1717732950656,0.0,41.83467
151801,31,38.9934376891511,0.0,38.956482
151826,31,36.4213816059861,0.0,36.607334
151851,31,34.2033858127933,0.0,33.638683
151876,31,31.0778293289532,0.0,31.732231
151901,31,28.8463475432193,0.0,27.720398
151926,31,25.0999629930447,5.41809576109669,26.309166
151951,31,21.2040145908034,72.3897860628724,21.069242
151976,31,16.4257268541915,100.0,16.440298
152001,38,26.577784263607,100.0,26.662998
152026,38,34.9473457857488,100.0,35.27931
152051,38,41.0870742745783,21.5909002761156,41.26375
152076,38,45.6881063975032,0.0,45.87768
152101,38,44.5911841049198,0.0,44.36513
152126,38,42.9894683615483,0.0,42.698635
152151,38,40.6570588823645,0.0,41.06416
152176,38,38.8138511806578,0.0,38.14233
152201,38,36.5592510034907,0.0,36.74174
152226,38,34.4351662818024,0.0,34.077053
152251,38,31.0909687534808,30.6959222268295,32.05481
152276,38,28.5143509450896,90.4818393169002,27.529112
152301,38,27.7981844417037,100.0,27.33503
152326,38,35.0708798182094,100.0,34.561626
152351,38,41.3109015388762,19.4034972913871,41.280018
152376,38,46.553565529863,0.0,46.089897
152401,36,44.7395802112933,0.0,45.299324
152426,36,43.0559868260748,0.0,42.724136
152451,36,40.9177989616152,0.0,41.11448
152476,36,38.5779369682705,0.0,38.588673
152501,36,35.6205117075975,0.0,36.035492
152526,36,33.1588294085222,0.0,32.466705
152551,36,30.697645709629,17.756477916971,30.447662
152576,36,28.344789709342,61.7568203885032,27.89061
152601,36,24.9551098975322,100.0,26.264883
152626,36,30.0713517010144,100.0,29.208548
152651,36,37.8013154746047,73.0082915671321,37.034813
152676,36,42.818844574697,0.0,43.277092
152701,36,45.0840246927011,0.0,45.524906
152726,36,43.2876986723123,0.0,43.70214
152751,36,41.9288098739096,0.0,41.290546
152776,36,40.3446295098382,0.0,40.075733
152801,23,37.0959915700226,0.0,38.501125
152826,23,34.7641774243406,0.0,33.682472
152851,23,32.5987165709238,0.0,32.19136
152876,23,30.1774568078653,0.0,30.161097
152901,23,26.2975423340519,0.0,27.474703
152926,23,21.8767535207037,0.0,22.18172
152951,23,17.7253758154685,0.0,17.212368
152976,23,12.4618612606382,61.1431789680752,13.287942
153001,23,2.15380824859299,100.0,6.0133095
153026,23,20.0203763728377,100.0,20.173239
153051,23,31.7312259933312,20.206284195975,32.52939
153076,23,39.4297788796247,0.0,38.682156
153101,23,37.8087878686667,0.0,38.55697
153126,23,35.1274526995522,0.0,35.93487
153151,23,32.3521553566122,0.0,32.2289
153176,23,29.1560416997854,0.0,29.337442
153201,20,26.6914460429904,0.0,25.713
153226,20,22.249228208551,0.0,23.913164
153251,20,17.9518186195947,0.0,17.567955
153276,20,13.01180560942,3.38368886012353,13.38555
153301,20,2.93929131774411,91.6912397636939,8.30651
153326,20,0.0,100.0,0.0
153351,20,26.5748681272499,100.0,25.807081
153376,20,35.7699259493871,0.0,35.906624
153401,20,41.1810098758267,0.0,41.96174
153426,20,39.2619327218918,0.0,40.385014
153451,20,36.7781744784334,0.0,37.122787
153476,20,34.7518796194996,0.0,34.082226
153501,20,32.5687206839335,0.0,32.466824
153526,20,29.3039655504106,0.0,30.114126
153551,20,25.927908799441,0.0,25.797709
153576,20,22.4353683696476,0.0,22.28318
153601,29,17.7118508004291,0.0,18.64612
153626,29,11.5681468676892,100.0,12.77498
153651,29,0.340730957899923,100.0,1.2055084
153676,29,28.2090863483476,100.0,27.135769
153701,29,36.6417684985094,0.0,37.342377
153726,29,42.1802592776906,0.0,42.512917
153751,29,39.9632891709429,0.0,41.37286
153776,29,38.0661531677908,0.0,37.550423
153801,29,35.2651221481025,0.0,35.935787
153826,29,33.249416291167,0.0,32.25515
153851,29,30.0966890977289,0.0,30.959381
153876,29,26.513798143012,0.0,26.703888
153901,29,23.5483948404934,11.0421624275647,22.680006
153926,29,19.0198721103529,64.0545952499521,20.31686
153951,29,13.6171138755123,100.0,14.861413
153976,29,23.3709918692627,100.0,23.886145
154001,32,33.6589358364847,67.2981647523076,33.79395
154026,32,40.7551347415859,0.0,39.888496
154051,32,42.6317701273987,0.0,43.420174
154076,32,41.1410238982799,0.0,41.26659
154101,32,37.7778047624938,0.0,39.29039
154126,32,36.1817196096912,0.0,34.263103
154151,32,33.5314054640006,0.0,34.315903
154176,32,31.4138381291608,0.0,30.646204
154201,32,27.7666716006669,0.0,29.009552
154226,32,24.1283371236503,42.266963729465,23.884787
154251,32,20.9948694378207,100.0,20.066734
154276,32,22.7932464400217,100.0,23.890749
154301,32,33.3209528166515,100.0,33.665115
154326,32,39.6504182192213,0.0,40.066845
154351,32,45.0294372933314,0.0,44.705494
154376,32,42.8042092143722,0.0,44.111862
154401,44,41.0742671879689,0.0,40.41185
154426,44,38.8644627028936,18.892544252045,39.1283
154451,44,36.6017547964975,58.3996822092056,36.13649
154476,44,34.5702602209501,98.8576673875275,34.509342
154501,44,36.6622513249857,100.0,37.15186
154526,44,43.4195923285543,97.8158797754726,42.044476
154551,44,47.4700475659699,0.0,48.16126
154576,44,50.9393371388291,0.0,51.11723
154601,44,49.4360388929894,0.0,49.558628
154626,44,47.7503650682064,0.0,47.328903
154651,44,45.5979863042142,0.0,45.66555
154676,44,44.210306884654,0.0,43.30207
154701,44,41.2960385497334,0.0,42.28247
154726,44,39.9275010830275,14.9552074933487,38.23939
154751,44,37.8674458561633,39.4241757800295,37.52156
154776,44,35.1248066479091,76.2572435139282,35.97389
154801,24,35.3652145583368,100.0,35.4772
154826,24,39.7216417443149,0.0,39.417313
154851,24,45.1910149935102,0.0,44.47203
154876,24,42.7396478920048,0.0,44.28195
154901,24,40.8385699868723,0.0,40.133556
154926,24,38.6346964598289,0.0,38.732082
154951,24,36.255814947301,0.0,36.220955
154976,24,33.8766120529362,0.0,33.65349
155001,24,31.4206562534887,0.0,31.250307
155026,24,27.7597204046779,0.0,28.697584
155051,24,24.7756846415182,0.0,23.86479
155076,24,20.0981818553101,0.0,21.488882
155101,24,15.5991622239337,36.1062505132315,15.191129
155126,24,8.13007932926063,100.0,11.262003
155151,24,13.6136366290572,100.0,13.79073
155176,24,30.0975919473355,100.0,30.22781
155201,21,37.9541907765334,0.0,37.90192
155226,21,42.9824450892755,0.0,43.519855
155251,21,40.504180522798,0.0,42.074886
155276,21,38.7446243972365,0.0,37.85049
155301,21,36.2755101467922,0.0,36.750645
155326,21,33.9324783605695,0.0,33.588352
155351,21,31.0143056213924,0.0,31.340815
155376,21,28.4355293323403,0.0,27.85165
155401,21,25.265580180097,0.0,25.567019
155426,21,21.2146290275037,0.0,21.808474
155451,21,16.690325149787,0.0,16.888273
155476,21,9.06728725178566,43.1758784743615,11.931532
155501,21,0.112982374651239,100.0,2.4967732
155526,21,15.4448191752732,100.0,14.123487
155551,21,29.5558155760604,65.5266446945841,30.937712
155576,21,37.292222716916,0.0,36.82209
155601,34,41.0547333069616,0.0,40.137432
155626,34,38.3881144655833,0.0,40.017624
155651,34,35.8508606003896,0.0,35.535885
155676,34,33.7294514594084,0.0,33.095276
155701,34,30.6504898402595,0.0,31.344593
155726,34,27.35601569442,26.0242581272553,27.33271
155751,34,24.3388232629558,84.9208632067858,23.930529
155776,34,22.5587192185371,100.0,22.381413
155801,34,31.7612888716291,100.0,31.271517
155826,34,38.7102270947817,6.24187866856445,38.68068
155851,34,43.5696006822249,0.0,43.97848
155876,34,42.4744490384489,0.0,42.59262
155901,34,39.9414898532502,0.0,40.64724
155926,34,37.51037299055,0.0,37.230667
155951,34,35.2487356931509,0.0,34.871315
155976,34,32.347748672952,0.0,32.746864
156001,30,30.4067009910189,0.0,29.214556
156026,30,26.5480448092287,0.0,28.158724
156051,30,22.7736423421579,27.8581104148004,22.454748
156076,30,17.8501316060981,95.3336752382778,19.01646
156101,30,17.3799071792011,100.0,16.126814
156126,30,30.0351426403973,100.0,30.450607
156151,30,37.9594975955608,0.0,37.54865
156176,30,43.4653614707753,0.0,43.535275
156201,30,41.3544745260312,0.0,42.614105
156226,30,39.3185066771738,0.0,39.055416
156251,30,37.3315531010469,0.0,37.069786
156276,30,34.8650935634637,0.0,35.109238
156301,30,31.845221453786,0.0,32.166405
156326,30,29.3162325596524,0.0,28.59501
156351,30,26.1220694347663,0.0,26.503397
156376,30,22.1862802941338,35.4252695239098,22.65067
156401,30,17.5345282856054,100.0,18.13818
156426,30,19.6528701958138,100.0,18.536985
156451,30,31.6311086724084,100.0,32.19802
156476,30,38.7590820945722,0.0,38.780205
156501,30,44.2105399779818,0.0,44.07967
156526,30,42.1947924858826,0.0,43.32858
156551,30,40.0215564455554,0.0,39.99375
156576,30,37.876446199958,0.0,37.65048
156601,30,35.1507004561664,0.0,35.510525
156626,30,32.9085864091088,0.0,32.210533
156651,30,30.4924427060928,0.0,30.401823
156676,30,27.1853531705459,0.0,27.797646
156701,30,22.8299168117163,16.3514595357427,23.618128
156726,30,19.159823389765,94.2115059064883,18.738804
156751,30,13.7607498398479,100.0,14.125077
156776,30,28.7482478853657,100.0,28.983576
156801,26,36.8774069068273,0.0,36.696953
156826,26,42.6745381008515,0.0,42.657433
156851,26,40.7852605816399,0.0,41.890568
156876,26,38.2675796663124,0.0,38.68935
156901,26,36.300872612912,0.0,35.554493
156926,26,33.5254723072099,0.0,34.087376
156951,26,31.1766468193688,0.0,30.522339
156976,26,27.832860033098,0.0,28.552095
157001,26,24.3093300152723,0.0,24.237501
157026,26,20.1811215960422,0.0,20.509539
157051,26,14.8753910414641,69.9593303082215,15.774686
157076,26,7.70774288246092,100.0,8.0025425
157101,26,22.9123351320172,100.0,23.328407
157126,26,33.8686721200039,21.2217804415568,33.484554
157151,26,40.2495255417495,0.0,40.349377
157176,26,38.6613867099911,0.0,39.242752
157201,27,36.2003086917526,0.0,36.823227
157226,27,34.0695012730403,0.0,33.519978
157251,27,30.7528922950251,0.0,31.67917
157276,27,28.7314191732898,0.0,27.2122
157301,27,24.478596291414,0.0,26.390985
157326,27,20.3471891580399,10.9741304060362,19.993288
157351,27,15.7407215306413,84.8289645173214,16.276281
157376,27,8.79028396146876,100.0,9.746809
157401,27,25.8578382294543,100.0,26.224707
157426,27,34.8003217533058,0.0,34.822533
157451,27,41.5571681925593,0.0,41.155865
157476,27,39.3335530717526,0.0,40.950825
157501,27,36.2377405145418,0.0,36.90816
157526,27,34.5718293535292,0.0,32.959682
157551,27,31.3094968026138,0.0,32.62456
157576,27,29.0695698875814,0.0,27.825485
157601,47,25.8236814452391,0.0,26.526663
157626,47,21.1741411989855,100.0,22.300568
157651,47,16.6809089921877,100.0,12.6982765
157676,47,30.7108718425182,100.0,30.926027
157701,47,38.2770014506982,100.0,38.201565
157726,47,43.8390137787382,100.0,43.90646
157751,47,47.6533850969965,22.6048402706907,48.530914
157776,47,52.4774229154798,0.0,51.61753
157801,47,50.8824025712471,0.0,50.98547
157826,47,49.3167847460556,0.0,48.715996
157851,47,47.0500971126282,0.0,47.203243
157876,47,45.5033963257935,0.0,44.660923
157901,47,43.6908404319054,0.0,43.5101
157926,47,41.2591126201093,25.2352716580858,41.680923
157951,47,39.5243017615006,68.7101910918254,38.460396
157976,47,38.0385759715623,99.7334406270161,38.016727
158001,50,40.8082250835753,100.0,41.040787
158026,50,46.1484662040445,100.0,45.687557
158051,50,49.2970429052075,35.0117931971689,50.571037
158076,50,53.205569609522,0.0,53.062004
158101,50,52.6973641808287,0.0,52.028526
158126,50,51.3278677292672,0.0,50.65141
158151,50,49.7169703873613,0.0,49.184227
158176,50,48.5156185434128,0.0,47.5838
158201,50,45.6517747361899,0.0,46.485584
158226,50,44.6335242934933,43.8880149988556,42.685993
158251,50,42.6756120091144,62.0994708619909,41.751263
158276,50,43.3855464654313,97.1097775793634,42.31798
158301,50,44.8899053352242,84.4369297954472,45.64182
158326,50,48.7852970572696,57.5620754998383,48.685886
158351,50,52.1997580545781,0.0,51.404522
158376,50,52.0935759776057,0.0,53.13672
158401,45,51.0773727914338,0.0,50.131485
158426,45,49.0799002708095,0.0,48.998642
158451,45,47.3792389832893,0.0,46.903362
158476,45,45.5506122244605,0.0,45.303402
158501,45,44.207283050598,0.0,43.50924
158526,45,41.3781935420725,0.0,42.2867
158551,45,39.9752218945237,30.9347802272646,38.402626
158576,45,37.6432295762066,56.0214187268906,37.425682
158601,45,37.1154862955074,97.7176022073023,36.85261
158626,45,38.9209883103626,100.0,39.29086
158651,45,44.5338617856891,74.9135199551762,43.82326
158676,45,48.5465807586639,0.0,48.945465
158701,45,50.5120309429531,0.0,51.08158
158726,45,49.3490110263046,0.0,48.920853
158751,45,46.7311735047889,0.0,47.29957
158776,45,44.9122548556074,0.0,44.007946
158801,35,43.6100704663719,0.0,42.89172
158826,35,41.7832507250268,0.0,41.714493
158851,35,39.2839523113048,0.0,39.7552
158876,35,36.7379422463669,0.0,36.598293
158901,35,34.2031921849069,0.0,33.982937
158926,35,31.8892236626224,0.0,31.433567
158951,35,28.9492494814716,21.7877980963305,29.304604
158976,35,26.1050327632196,74.3471546857364,25.853003
159001,35,23.2668062517672,100.0,24.037031
159026,35,30.2498048330184,100.0,30.102547
159051,35,38.3024965893092,51.1624899161489,37.28082
159076,35,43.4487862092314,0.0,43.602448
159101,35,44.3120639127524,0.0,44.358917
159126,35,42.4827202291274,0.0,42.745316
159151,35,40.3825994514132,0.0,40.458805
159176,35,38.378964471943,0.0,38.084015
159201,39,35.6153861198738,0.0,36.15135
159226,39,33.4160007240752,26.6761330461321,32.644196
159251,39,30.433851241453,65.9981093001847,30.803226
159276,39,29.2543235323812,100.0,29.365805
159301,39,33.2875400442649,100.0,33.48
159326,39,40.3616885261081,68.3505588789356,39.57943
159351,39,45.4860896854313,0.0,45.49606
159376,39,46.9947962033117,0.0,47.825405
159401,39,45.1536682443366,0.0,45.442516
159426,39,43.504050139601,0.0,43.117973
159451,39,41.5700989597775,0.0,41.555027
159476,39,39.2623710141829,0.0,39.43991
159501,39,37.2422526636151,0.0,36.75701
159526,39,34.5156603001472,0.0,34.9878
159551,39,31.532038423923,46.3464776432708,31.568375
159576,39,28.3943384464203,99.6892680899217,27.899965
159601,40,30.7825197543958,100.0,30.118128
159626,40,38.1338053400167,100.0,37.439323
159651,40,43.5841897673587,0.0,43.77344
159676,40,47.9738175319787,0.0,47.98975
159701,40,46.2132836816211,0.0,46.819862
159726,40,43.5056708132683,0.0,44.163605
159751,40,42.9660675467619,0.0,40.66575
159776,40,40.6598627186331,0.0,41.213917
159801,40,38.0975795026118,0.0,38.169846
159826,40,35.6171843636989,0.215229798417688,35.340775
159851,40,33.1476363343159,44.5567683507058,32.910202
159876,40,30.6544288108383,88.7102499497106,29.828787
159901,40,31.5249501187881,100.0,31.796768
159926,40,37.724725554441,100.0,36.929134
159951,40,42.7489529191123,6.95282333656605,43.351562
159976,40,47.5373441909415,0.0,47.21038
160001,20,45.7824768286995,0.0,46.432575
160026,20,44.5315490779925,0.0,43.746838
160051,20,42.2211208151279,0.0,42.615936
160076,20,39.7046705857852,0.0,39.742657
160101,20,38.0484254326163,0.0,37.007042
160126,20,35.0187437900846,0.0,36.144066
160151,20,32.8751732093392,0.0,31.790884
160176,20,30.1477899110167,0.0,30.460932
160201,20,26.6917148638118,0.0,27.156288
160226,20,22.9607966972046,0.0,22.97919
160251,20,19.0682940944759,0.0,18.952162
160276,20,13.7898290064797,0.0,14.871712
160301,20,4.23804726406527,76.9007912986981,8.816247
160326,20,0.0,100.0,0.0
160351,20,24.0298606323941,100.0,23.109163
160376,20,34.8586040108166,0.0,34.078304
160401,32,40.6572414519426,0.0,41.550518
160426,32,38.4911720598352,0.0,39.934727
160451,32,35.6320833171351,0.0,36.11162
160476,32,33.8285282354099,0.0,32.571064
160501,32,30.0418136160674,0.0,31.744162
160526,32,27.4892931227329,0.902387978855273,26.051075
160551,32,23.9658583061725,46.5332984306774,24.625032
160576,32,19.6078268512225,100.0,20.013672
160601,32,23.1873794772361,100.0,23.095022
160626,32,33.4316779237779,100.0,33.81718
160651,32,40.104457269898,0.0,40.141308
160676,32,45.9227363972481,0.0,45.152775
160701,32,43.2158373982339,0.0,45.043312
160726,32,41.5300525499287,0.0,40.37369
160751,32,38.92460442708,0.0,39.61579
160776,32,36.6387732604826,0.0,36.135353
160801,21,34.5555990688091,0.0,34.127937
160826,21,31.5538875790982,0.0,32.21499
160851,21,28.4067685618047,0.0,28.31789
160876,21,25.5679395087952,0.0,25.002432
160901,21,21.8115865244045,0.0,22.425846
160926,21,16.8749274546427,0.0,17.767548
160951,21,10.730853513307,39.5014889082612,11.783886
160976,21,0.0,100.0,5.302667
161001,21,14.0737820293059,100.0,12.498607
161026,21,29.9280059010002,89.6552282864298,30.590118
161051,21,37.7640142946845,0.0,37.355743
161076,21,42.2390038405454,0.0,42.284554
161101,21,40.5212577777233,0.0,41.2718
161126,21,38.3355565985412,0.0,38.581913
161151,21,35.9458567395041,0.0,35.93596
161176,21,33.0369020832525,0.0,33.33026
161201,49,29.7647627105323,0.0,29.903067
161226,49,27.228155810311,100.0,26.256142
161251,49,23.3374006112604,100.0,20.713842
161276,49,33.3962736925431,100.0,34.005905
161301,49,40.1546337380039,100.0,40.10011
161326,49,45.7271608011402,100.0,45.40589
161351,49,49.0013706821193,24.3211457521821,50.210964
161376,49,53.2100768661493,0.0,52.80835
161401,49,51.9145194763526,0.0,51.604485
161426,49,50.2728378890114,0.0,49.764805
161451,49,48.9366042211553,0.0,48.117622
161476,49,46.1594569745932,0.0,46.87183
161501,49,45.3293905811613,16.5819419559361,43.28042
161526,49,43.6118084776126,31.4260611159979,42.868423
161551,49,41.0726333310416,62.1364763255888,41.559742
161576,49,40.6773011192656,100.0,40.145493
161601,47,42.7738867119528,100.0,43.046936
161626,47,48.0313903959145,41.4152318865211,47.381313
161651,47,51.1994356381758,0.0,52.060577
161676,47,51.6587697996443,0.0,50.927967
161701,47,49.2308517151733,0.0,49.801926
161726,47,48.3662582911186,0.0,46.711452
161751,47,46.2729349329371,0.0,46.39543
161776,47,44.3109372048988,0.0,44.039154
161801,47,42.3194878889322,13.9203792017026,42.180847
161826,47,40.1906190416776,49.5238617448311,39.667183
161851,47,37.5764240842042,87.5884032942483,37.990276
161876,47,39.3613347289602,100.0,38.815445
161901,47,43.8115260309182,100.0,43.562206
161926,47,47.6224306309177,22.9208488526689,48.43628
161951,47,51.3956084973629,0.0,51.59655
161976,47,50.420558654181,0.0,49.800327
162001,25,48.5690568637745,0.0,48.36869
162026,25,47.2003880052476,0.0,46.43228
162051,25,44.7924599172258,0.0,45.183727
162076,25,43.1800970367699,0.0,42.24773
162101,25,41.723694273083,0.0,41.24722
162126,25,39.5691026005755,0.0,39.861153
162151,25,37.3176368404898,0.0,37.211094
162176,25,34.543730397892,0.0,34.84594
162201,25,31.6602306995856,0.0,31.552145
162226,25,29.1015027862534,0.0,28.536678
162251,25,25.5119296720981,0.0,26.258514
162276,25,21.8925556396446,0.0,21.661871
162301,25,17.2031311695893,21.1115241574719,17.978394
162326,25,10.3379741594168,100.0,13.0399
162351,25,6.47556908488135,100.0,7.334477
162376,25,27.7738359053891,100.0,28.4872
162401,24,34.8652975095061,0.0,36.411724
162426,24,41.0480013763749,0.0,40.87164
162451,24,39.3290915213246,0.0,40.371067
162476,24,37.2884499228926,0.0,37.378445
162501,24,33.9669195898588,0.0,35.015118
162526,24,31.9071971178827,0.0,30.45358
162551,24,28.6961832575256,0.0,29.562328
162576,24,24.7757148878026,0.0,25.234524
162601,24,21.4796196172965,0.0,20.606533
162626,24,16.7127129481781,10.5270433424583,17.865969
162651,24,9.71486593608294,95.7414292477986,12.305545
162676,24,0.0,100.0,2.0524657
162701,24,26.8225431816822,100.0,26.294706
162726,24,34.8751273827507,0.0,36.115784
162751,24,40.4629925240688,0.0,41.052483
162776,24,39.187084192829,0.0,39.71505
162801,29,36.2715341482212,0.0,37.431675
162826,29,33.9111691906225,0.0,33.163666
162851,29,30.6525622149292,0.0,31.302961
162876,29,27.686647098012,0.0,27.16553
162901,29,24.1657035198737,0.0,24.445889
162926,29,20.2460656432581,51.8652935244218,20.36691
162951,29,15.739430248243,100.0,15.813369
162976,29,21.1716512337286,100.0,22.27846
163001,29,32.390493949086,100.0,32.8465
163026,29,38.5629439368597,0.0,39.337444
163051,29,43.5494415547113,0.0,43.7601
163076,29,42.0068519195795,0.0,42.61846
163101,29,39.0205284608992,0.0,40.12126
163126,29,37.3601972904402,0.0,35.87334
163151,29,35.3073573658219,0.0,35.445683
163176,29,32.2192845591357,0.0,33.002808
163201,25,29.2266484984898,0.0,28.90853
163226,25,26.1446239945656,0.0,25.976044
163251,25,22.0737774266739,0.0,22.779118
163276,25,17.5424992252823,17.6664632902035,17.736004
163301,25,12.1110723376634,98.6699450786807,13.536886
163326,25,4.04646426383185,100.0,6.681477
163351,25,27.0429174019378,100.0,27.682251
163376,25,35.408366289968,0.0,35.957558
163401,25,40.6169839482717,0.0,41.524586
163426,25,38.4228535763735,0.0,39.80803
163451,25,36.1209994260966,0.0,36.016182
163476,25,34.2503524424095,0.0,33.5899
163501,25,31.7028042668883,0.0,32.10696
163526,25,28.5575390646151,0.0,28.896233
163551,25,25.1159594025414,0.0,25.156454
163576,25,20.6482670563898,0.0,21.401411
163601,26,16.6297587973709,43.0815615432389,15.930673
163626,26,9.66722078781516,100.0,12.390948
163651,26,16.3680076081328,100.0,17.322666
163676,26,30.0855117238331,100.0,30.978613
163701,26,37.3577234983896,0.0,37.673275
163726,26,42.8547347169601,0.0,42.923267
163751,26,40.566159113468,0.0,42.020702
163776,26,38.3697789623967,0.0,38.09182
163801,26,36.0649270044784,0.0,35.96046
163826,26,33.6038314142764,0.0,33.53046
163851,26,30.6159251250274,0.0,30.897646
163876,26,27.3540970460669,0.0,27.383598
163901,26,24.3175446277498,0.0,23.831198
163926,26,19.6672173454047,0.0,20.976696
163951,26,13.5772059880216,78.3951881727948,14.785502
163976,26,5.88368718959051,100.0,5.3638797
164001,46,23.5812741062263,100.0,24.441359
164026,46,33.3217389397576,100.0,33.762875
164051,46,39.8807611994704,100.0,40.018024
164076,46,44.0738384745005,74.7521035631749,45.16169
164101,46,48.5377968139738,0.0,48.422394
164126,46,50.3396690510367,0.0,51.13176
164151,46,48.717915662782,0.0,48.72942
164176,46,47.0157777749301,0.0,46.613697
164201,46,45.510901126304,0.0,44.950874
164226,46,43.4744859715712,0.0,43.52414
164251,46,40.6861129110068,10.5093879189795,41.2667
164276,46,39.0921140442498,60.3574976483213,37.370308
164301,46,36.3902222805072,88.8627283109793,36.51434
164326,46,39.0825544007438,100.0,38.42961
164351,46,42.7783709315897,89.0724647424446,43.502827
164376,46,46.9513573116707,23.0260175443457,47.344826
164401,50,50.1619453732076,0.0,50.22991
164426,50,49.0284251710559,0.0,48.530136
164451,50,47.4817039857627,0.0,46.993595
164476,50,45.6174598321765,10.4611846686059,45.427612
164501,50,43.4436863791212,43.790473205334,43.049065
164526,50,41.4167390598598,82.6569836044408,41.06546
164551,50,41.1970764961142,100.0,41.828014
164576,50,44.8013657189784,100.0,44.743355
164601,50,49.0063704607219,58.4447901311908,49.263275
164626,50,52.1399382731319,0.0,52.716015
164651,50,53.4031739450057,0.0,53.15005
164676,50,51.1804237687022,0.0,51.619907
164701,50,49.4465303279474,0.0,48.855648
164726,50,47.9267960825803,0.0,47.301792
164751,50,46.1652582500037,2.57777460143856,45.863384
164776,50,44.3752102880736,34.0701405709614,44.035366
164801,44,41.9772691350279,66.0762691204287,41.67559
164826,44,42.1012276673545,1.70269954891837,41.261795
164851,44,43.7257804764514,0.0,43.78739
164876,44,41.7342925830674,0.0,42.3307
164901,44,39.8727917486564,6.05577585291454,39.551525
164926,44,38.0136065263087,39.3354333447084,37.53746
164951,44,35.2089458365749,72.578078451586,35.612686
164976,44,35.8209544455375,100.0,35.45491
165001,44,38.068413312184,100.0,39.669857
165026,44,44.0471418690874,71.6524123042982,43.333103
165051,44,48.2947409891025,0.0,48.573627
165076,44,48.7099449586311,0.0,50.73504
165101,44,48.1379958275954,0.0,46.9365
165126,44,46.2458834139294,0.0,46.221737
165151,44,44.0216866637747,0.0,44.17044
165176,44,42.1725632645204,0.0,41.642406
165201,31,40.6426310341908,0.0,40.127415
165226,31,37.4880954401839,0.0,38.799927
165251,31,35.6822867682274,0.0,34.167152
165276,31,33.3587547376825,0.0,33.61424
165301,31,30.3712136293209,0.0,30.77975
165326,31,27.0718982794801,0.0,27.1368
165351,31,23.8209403213256,35.7689757335157,23.510866
165376,31,19.1256931581461,93.8890900948245,20.236485
165401,31,20.4361089576394,100.0,20.30546
165426,31,31.0616471553747,100.0,31.613947
165451,31,37.5545897045606,0.0,38.214592
165476,31,42.7328245173619,0.0,42.963024
165501,31,40.8711220886135,0.0,41.85512
165526,31,38.7941169109157,0.0,38.802055
165551,31,36.0420107388206,0.0,36.50151
165576,31,34.0190830959664,0.0,33.085873
165601,29,31.1339705245342,0.0,31.729908
165626,29,27.9482930056073,0.0,28.003662
165651,29,25.2768515771231,0.0,24.503067
165676,29,21.0365282111087,32.0781176060227,22.289589
165701,29,15.6053622479403,100.0,16.898726
165726,29,16.106581951729,100.0,15.631652
165751,29,29.6950019096267,100.0,30.731064
165776,29,37.2615913339647,0.0,37.348602
165801,29,42.8144172398396,0.0,42.889927
165826,29,40.9223542146652,0.0,41.989902
165851,29,38.5323993256464,0.0,38.82519
165876,29,35.7828754956509,0.0,35.94229
165901,29,33.1659945296005,0.0,32.8266
165926,29,30.4080742683204,0.0,30.308657
165951,29,27.5732065174715,0.0,27.390392
165976,29,23.8818642022638,0.0,24.454805
166001,25,20.0039360626887,56.9730980673021,19.919687
166026,25,14.503190855926,54.8031039766723,15.412098
166051,25,21.7396146443376,100.0,19.747074
166076,25,26.1634808711075,23.8142963136218,27.45508
166101,25,34.9132587523927,0.0,33.265648
166126,25,32.6684496937628,0.0,34.257008
166151,25,30.5650864727359,0.0,30.156755
166176,25,27.2501582577804,0.0,28.165743
166201,25,23.0107273934869,0.0,23.676191
166226,25,18.872361746779,1.03834255803019,18.523891
166251,25,13.6123350539356,75.0163082567403,14.4333515
166276,25,5.56058446944222,100.0,6.2089286
166301,25,23.0999714326774,100.0,23.785288
166326,25,33.407387873837,0.0,33.591553
166351,25,39.4112824946507,0.0,40.27798
166376,25,36.9399013895673,0.0,38.75756
166401,35,34.3372468378696,0.0,34.25723
166426,35,32.1178495331411,0.0,31.504967
166451,35,29.0688870248982,17.0144094552868,29.624622
166476,35,25.7166589945537,71.5213945491025,25.808971
166501,35,22.9915676997008,100.0,22.771496
166526,35,28.8354582374825,100.0,29.571972
166551,35,36.4030623302142,75.7579759641331,36.406094
166576,35,42.046605742723,0.0,41.99225
166601,35,44.5681881037316,0.0,44.969913
166626,35,42.7168978046533,0.0,43.24005
166651,35,40.8970689358714,0.0,40.674774
166676,35,38.1927114068339,0.0,38.867294
166701,35,36.3628777939531,0.0,35.302975
166726,35,33.3043238278667,0.0,34.278973
166751,35,30.3851931425234,0.0,30.032188
166776,35,27.9459617474975,47.989824812212,27.215376
166801,29,24.0706441804852,91.6019423314313,24.447266
166826,29,26.4984029448262,53.6398384667664,26.50471
166851,29,33.9874598601752,10.2552468637361,31.996231
166876,29,35.95327689746,0.0,35.58574
166901,29,33.1037790649393,0.0,34.694073
166926,29,30.358473448031,0.0,30.026632
166951,29,27.2310279294108,0.0,27.35218
166976,29,23.932543491124,0.0,23.83353
167001,29,20.0833832810926,56.0890905802709,20.341053
167026,29,14.5593969439362,100.0,15.552001
167051,29,21.4413978811444,100.0,22.654942
167076,29,32.283732801166,100.0,32.946518
167101,29,38.0351482888514,0.0,39.223637
167126,29,43.9866459622128,0.0,43.247726
167151,29,41.5625430093185,0.0,43.18578
167176,29,39.6920366654713,0.0,38.970417
167201,20,37.2907757677701,0.0,37.60294
167226,20,34.8186456123372,0.0,34.677658
167251,20,32.4868459990371,0.0,32.114147
167276,20,29.6276517920233,0.0,29.891382
167301,20,26.0014718367178,0.0,26.506771
167326,20,22.7166296512902,0.0,22.121792
167351,20,17.8720017756562,0.0,19.125889
167376,20,12.2680873988717,3.363910652025,12.830856
167401,20,1.93694397053004,100.0,7.543198
167426,20,0.10456402237128,100.0,0.0
167451,20,27.382531090354,100.0,27.33599
167476,20,35.6322132734428,0.0,36.608795
167501,20,40.4271593210597,0.0,41.67789
167526,20,39.4434225326923,0.0,39.5625
167551,20,36.2665569029675,0.0,37.727375
167576,20,34.1077451991237,0.0,32.91241
167601,45,31.1641929308264,0.0,31.691408
167626,45,28.315078857247,100.0,27.979116
167651,45,25.1980080101453,100.0,21.955286
167676,45,33.7657171354815,100.0,34.861137
167701,45,40.1916609633035,100.0,40.308907
167726,45,45.2528186929692,51.3129150395841,45.41338
167751,45,48.4403705154188,0.0,49.42756
167776,45,48.985907539923,0.0,49.134266
167801,45,47.2637861929605,0.0,47.225166
167826,45,45.9986915036761,0.0,45.188034
167851,45,44.2928905259144,0.0,44.0357
167876,45,41.5344728745884,0.0,42.31047
167901,45,39.9826113818248,27.2973871641069,38.62706
167926,45,37.9741064090341,55.0450639998184,37.507225
167951,45,36.9589645363303,90.9588937951772,37.034336
167976,45,37.7230730338176,100.0,38.896675
168001,36,42.6192066121689,95.4815603277736,42.335556
168026,36,46.918975344314,0.0,47.348534
168051,36,49.6455444919137,0.0,50.495117
168076,36,47.5517889906459,0.0,48.193752
168101,36,46.5728209152641,0.0,45.329456
168126,36,45.260388905336,0.0,44.638496
168151,36,42.7500536249905,0.0,43.312435
168176,36,40.816934933092,0.0,40.088497
168201,36,38.4065308777764,0.0,38.680035
168226,36,36.4810930160424,0.0,35.795914
168251,36,34.2563133505921,0.0,34.308277
168276,36,30.9438302314615,0.0,31.779291
168301,36,27.504202587749,55.6255490114529,27.408928
168326,36,24.5262634517641,100.0,23.264301
168351,36,28.176460638422,100.0,28.179913
168376,36,35.4827491761635,100.0,36.142834
168401,42,41.5033761374766,0.0,41.6171
168426,42,45.7602420352949,0.0,46.28066
168451,42,44.2182568235983,0.0,44.653755
168476,42,41.7828713125882,0.0,42.265217
168501,42,40.1277880765,0.0,39.182312
168526,42,38.0703747681067,0.0,38.240593
168551,42,35.0876196584605,35.5590791587119,35.789013
168576,42,33.3753202874522,88.8850711869944,31.651539
168601,42,31.9031749323634,100.0,33.25142
168626,42,37.8816501418019,100.0,37.070286
168651,42,43.3785635338157,39.0020800120157,43.46317
168676,42,47.4286449034566,0.0,47.84551
168701,42,47.0148182695177,0.0,47.19834
168726,42,44.6171836772063,0.0,45.15875
168751,42,43.9869823960374,0.0,42.08041
168776,42,41.5739442344803,0.0,42.188755
168801,42,39.9415766704809,0.0,38.99236
168826,42,37.2675420962582,2.15294140759355,38.070602
168851,42,34.5770335094409,49.9561518627079,34.373592
168876,42,32.0238863864733,98.0601259592849,31.11776
168901,42,33.3708550379829,100.0,33.69396
168926,42,39.5988904346133,100.0,39.2341
168951,42,44.5603533885552,8.35566482129698,44.90143
168976,42,48.5731329532205,0.0,48.861088
169001,42,46.4821194544979,0.0,47.287403
169026,42,44.4063629566337,0.0,44.252422
169051,42,42.8383671401546,0.0,42.170784
169076,42,40.6382882679681,0.0,40.923405
169101,42,38.6155785839188,0.0,38.24805
169126,42,36.050672419523,25.9015522493742,36.372356
169151,42,34.1841687212334,71.7572117893305,33.19712
169176,42,32.1923405303629,100.0,32.819
169201,26,35.5969831038199,100.0,36.185993
169226,26,41.4544014945095,0.0,41.39342
169251,26,46.3470703088548,0.0,46.21302
169276,26,44.1567058934251,0.0,45.317238
169301,26,42.2445702037928,0.0,41.810654
169326,26,40.0722646196328,0.0,40.14162
169351,26,37.6015142463913,0.0,37.702576
169376,26,35.3805647143155,0.0,34.926018
169401,26,32.7538064474962,0.0,32.918346
169426,26,30.7802098453859,0.0,29.883062
169451,26,26.6331631539961,0.0,28.50528
169476,26,23.6719108677894,0.0,22.268969
169501,26,18.533945590179,6.78421208157773,20.395594
169526,26,13.9141973469596,98.6308182485474,13.627544
169551,26,4.92104586763536,100.0,5.575809
169576,26,27.4384942383461,100.0,27.842567
169601,41,35.0343580241055,0.0,36.23818
169626,41,41.3344106980243,71.9031459177535,41.09368
169651,41,38.507226675154,0.0,40.15018
169676,41,41.4737929429741,9.83886625184112,40.0823
169701,41,39.466643144888,0.0,40.072056
169726,41,37.2855168720353,0.0,37.021046
169751,41,34.7923716259919,31.6852858559395,34.87978
169776,41,32.3995991945635,76.2589954505229,31.817772
169801,41,31.7998799330622,100.0,31.98795
169826,41,36.3506245471249,100.0,36.278526
169851,41,41.1527458788486,48.4617036563723,42.1018
169876,41,45.8764580863748,0.0,45.631702
169901,41,46.2863770967389,0.0,46.483414
169926,41,44.9722896247031,0.0,44.586525
169951,41,42.5297810038124,0.0,43.03292
169976,41,40.4863352665262,0.0,39.92994
170001,42,39.0167493767143,0.0,38.242188
170026,42,36.1417564732362,18.6546573538996,37.23294
170051,42,33.8992879817109,70.0521736006608,32.930832
170076,42,30.8554056513778,100.0,31.639315
170101,42,35.3196168220025,100.0,34.794796
170126,42,40.6770215012806,84.8069759675887,41.261166
170151,42,45.8427467088397,0.0,45.571297
170176,42,48.2436392843137,0.0,49.02592
170201,42,46.9682474738686,0.0,46.786015
170226,42,44.8599641861283,0.0,44.9738
170251,42,42.7557620277608,0.0,42.59825
170276,42,41.0235089165286,0.0,40.47695
170301,42,38.7308505435177,0.0,39.075092
170326,42,36.2588737521238,23.8083762779727,36.2344
170351,42,33.4972816481635,68.0026520982354,33.48359
170376,42,32.7305567422471,100.0,31.586912
170401,33,35.7274825705421,100.0,36.54276
170426,33,41.5738305356846,0.0,41.463524
170451,33,45.6605907299,0.0,46.315525
170476,33,43.7779384221488,0.0,44.531853
170501,33,42.1086293571824,0.0,41.71655
170526,33,39.2529478783286,0.0,40.19774
170551,33,37.5441801724647,0.0,36.23118
170576,33,35.3267919183789,0.0,35.586113
170601,33,32.4770312460782,0.0,32.867397
170626,33,29.8644721334576,0.0,29.393398
170651,33,26.2614302678815,21.3500987743697,26.978346
170676,33,22.1608930575279,85.7618484508488,22.724592
170701,33,19.4859140720169,100.0,18.634724
170726,33,29.1163972362363,100.0,29.956182
170751,33,36.9349600362108,34.802457263028,36.569473
170776,33,42.2443905140342,0.0,42.56258
170801,38,42.0512749838325,0.0,42.002365
170826,38,38.9434152981158,0.0,40.383514
170851,38,37.7391973176349,0.0,35.68094
170876,38,34.7005453381159,0.0,36.039875
170901,38,32.2488397149857,24.3278052246847,31.46106
170926,38,29.9268314239481,68.1598052052295,29.493734
170951,38,27.5147772549625,100.0,28.589548
170976,38,32.1207744852328,100.0,32.037926
171001,38,38.889645166287,70.5061594072153,38.67657
171026,38,43.9597318367488,0.0,44.19628
171051,38,45.8411187308816,0.0,46.530922
171076,38,44.0746703055598,0.0,44.379234
171101,38,41.960020045572,0.0,42.08827
171126,38,40.3400661087323,0.0,39.663445
171151,38,37.559232032874,0.0,38.47571
171176,38,35.1716167664414,0.0,34.591125
171201,49,32.8930640925132,15.9235504094928,32.550266
171226,49,29.2995224105503,100.0,30.149784
171251,49,27.1301755751829,100.0,24.651632
171276,49,34.5509419489534,100.0,35.796272
171301,49,40.711265374879,100.0,40.869335
171326,49,45.8111600691136,100.0,45.830936
171351,49,50.0148678355059,22.5625440052645,50.25584
171376,49,53.01039154417,0.0,53.879913
171401,49,51.6467155772096,0.0,51.277584
171426,49,49.3581751396214,0.0,49.494225
171451,49,47.5704189649572,0.0,46.971367
171476,49,46.1749674975018,0.0,45.474636
171501,49,44.3964831482144,16.0514601300463,44.18549
171526,49,42.2127503336911,47.8485137625219,41.718376
171551,49,40.4198535326105,86.893567595518,40.219707
171576,49,41.0947411591704,100.0,41.373104
171601,49,44.697611785658,100.0,44.90832
171626,49,48.134232501376,42.5314180624387,49.170914
171651,49,52.1284010571434,0.0,51.940968
171676,49,52.2896946224513,0.0,51.87849
171701,49,50.5808027671428,0.0,50.365044
171726,49,48.5821994770807,0.0,48.405247
171751,49,47.6906775855934,0.0,46.42043
171776,49,45.4821324144063,0.0,45.736225
171801,49,43.3861283915247,28.5055155579914,43.13214
171826,49,40.8755433575553,65.9798632504952,40.647934
171851,49,40.5742376346311,100.0,39.57232
171876,49,42.0896074614213,100.0,43.26432
171901,49,46.1033098371482,89.2073158992675,46.75683
171926,49,50.2908615312889,17.4786426315962,50.22511
171951,49,52.4268113558523,0.0,53.355007
171976,49,51.4999098158445,0.0,50.65217
172001,26,49.9635141403128,0.0,49.42271
172026,26,47.4102220261298,0.0,47.83482
172051,26,46.393043378809,0.0,44.754566
172076,26,44.8593665604017,0.0,44.458035
172101,26,42.4580263693813,0.0,42.88797
172126,26,40.0901971734858,0.0,39.896263
172151,26,38.6287009629478,0.0,37.536453
172176,26,35.9356170084715,0.0,36.857822
172201,26,33.4462137884843,0.0,33.034035
172226,26,30.5018592151011,0.0,30.711784
172251,26,28.0058517785027,0.0,27.309433
172276,26,23.8971486009174,0.0,25.211052
172301,26,20.241836820091,2.92175295884635,19.541857
172326,26,14.6658731105363,68.2653979990335,16.25913
172351,26,7.31301143548153,100.0,8.404468
172376,26,22.0528061398133,100.0,22.876854
172401,22,32.0334348837038,35.9784921619834,33.15698
172426,22,38.7887774781922,0.0,38.763565
172451,22,38.7531308798049,0.0,38.850838
172476,22,36.3775541546732,0.0,37.21226
172501,22,33.6397339633161,0.0,33.77956
172526,22,31.170066753457,0.0,30.673145
172551,22,27.7933585262469,0.0,28.431583
172576,22,24.9846771574686,0.0,24.16658
172601,22,21.0526832914908,0.0,21.865183
172626,22,15.5614259488632,0.0,16.835587
172651,22,8.5691468196619,80.3174878350736,10.228878
172676,22,0.0,100.0,0.0
172701,22,23.5291961490968,100.0,23.616459
172726,22,33.285692065837,0.0,33.89163
172751,22,39.7428599638314,0.0,40.09162
172776,22,37.1834515869787,0.0,39.147026
172801,44,35.0939839792387,0.0,34.420254
172826,44,32.3152832789576,100.0,32.7528
172851,44,29.4416557851159,100.0,26.537556
172876,44,37.120085792833,100.0,36.95662
172901,44,42.0746497138154,88.2800229827662,42.975735
172926,44,46.7103040742077,0.0,46.79785
172951,44,49.4030302802285,0.0,49.966682
172976,44,47.5370675234448,0.0,47.95357
173001,44,45.6347109748004,0.0,45.429558
173026,44,44.4702607024425,0.0,43.555122
173051,44,41.920580780326,0.0,42.57051
173076,44,40.3587163213959,2.45952994976131,39.21369
173101,44,37.7547946318295,30.3827489868507,38.42242
173126,44,36.0645633034503,76.9364153077035,34.909374
173151,44,34.4045527088917,100.0,35.2867
173176,44,37.7318193356654,100.0,38.38883
173201,38,43.8205052130904,77.4030319768466,43.127068
173226,38,47.4054133350435,0.0,48.380836
173251,38,50.0348656763139,0.0,49.98815
173276,38,47.8593559192138,0.0,48.55683
173301,38,46.9586849978282,0.0,45.563995
173326,38,44.6833053146767,0.0,45.025238
173351,38,42.4340091793355,0.0,42.262383
173376,38,40.9605441897518,0.0,40.015278
173401,38,38.1172374994753,0.0,39.118313
173426,38,35.6365257936624,0.0,35.095825
173451,38,33.0924393301388,7.47935553524644,32.932076
173476,38,30.4864476176969,52.9604611438019,30.048367
173501,38,27.3043488131933,99.5541080401766,27.447985
173526,38,30.1085314019327,100.0,30.039707
173551,38,37.6890921515264,100.0,37.06588
173576,38,42.6383603125713,0.0,43.430153
173601,35,46.6349565340386,0.0,47.100445
173626,35,45.1922498551429,0.0,45.46324
173651,35,42.8890421503096,0.0,43.22533
173676,35,40.2009060226109,0.0,40.424034
173701,35,39.165834197533,0.0,37.346443
173726,35,35.6647804636892,0.0,37.45001
173751,35,34.5174166955443,0.0,31.999176
173776,35,31.9964638152603,0.0,32.92414
173801,35,27.8933056053574,18.8964186582086,29.217878
173826,35,24.5487810226653,92.2474374790968,23.867712
173851,35,21.4723379829825,100.0,20.44867
173876,35,31.6245399321255,100.0,31.905525
173901,35,38.0900911398197,25.6247527042203,38.63042
173926,35,42.978004169092,0.0,43.33078
173951,35,42.4338592870028,0.0,41.752525
173976,35,40.2816054746754,0.0,40.69731
174001,21,37.5248012305037,0.0,37.93289
174026,21,35.1629189397936,0.0,34.578987
174051,21,33.2148280329416,0.0,32.565735
174076,21,29.3642812348009,0.0,30.988161
174101,21,26.2265894479597,0.0,25.306654
174126,21,23.5685451431378,0.0,22.80944
174151,21,18.7229038060626,0.0,20.576902
174176,21,13.1364584109395,5.80454513195952,13.675063
174201,21,3.48895030672496,100.0,8.177636
174226,21,0.0,100.0,0.0
174251,21,26.7728751298268,100.0,27.24882
174276,21,35.4345724110417,0.0,36.073414
174301,21,41.1139877529321,0.0,41.59905
174326,21,38.6447666844807,0.0,40.35989
174351,21,36.3439907842695,0.0,35.981094
174376,21,34.0233321591015,0.0,33.81614
174401,25,31.376964892819,0.0,31.453642
174426,25,28.2621865618809,0.0,28.474037
174451,25,25.3165048170529,0.0,24.886889
174476,25,20.703957072753,0.0,22.071224
174501,25,16.3224544124199,41.781150785899,15.854831
174526,25,9.94791036858497,100.0,11.921553
174551,25,15.5113224090971,100.0,17.051477
174576,25,30.2863139476365,100.0,30.67641
174601,25,36.9697239964329,0.0,37.918644
174626,25,42.5108372174545,0.0,42.50145
174651,25,40.7498301309992,0.0,41.693787
174676,25,38.0181076035349,0.0,38.773277
174701,25,35.8123596622222,0.0,35.100845
174726,25,32.7743078126238,0.0,33.36876
174751,25,30.4068299778956,0.0,29.516214
174776,25,27.0186881743626,0.0,27.757038
174801,33,24.0327077220195,0.0,23.37343
174826,33,19.5171956199969,100.0,20.73668
174851,33,14.3971730021864,100.0,10.753157
174876,33,28.7513950958326,100.0,30.145216
174901,33,36.3673272605056,40.9073663340977,36.649376
174926,33,42.4240633031455,0.0,41.969006
174951,33,42.4317162154184,0.0,42.65085
174976,33,39.9617650571255,0.0,40.784897
175001,33,37.7853363598617,0.0,37.310513
175026,33,35.6282255742825,0.0,35.389
175051,33,32.5883275171995,0.0,33.228626
175076,33,30.2086158892197,0.0,29.326645
175101,33,26.8058140996785,14.7844101394113,27.545324
175126,33,23.2776513622357,75.6160588585801,23.255419
175151,33,18.8751435418302,100.0,19.544353
175176,33,27.8065649722156,100.0,28.246841
175201,40,35.3997746098084,57.798309384298,35.872635
175226,40,41.0581317270523,47.2069046682307,41.17254
175251,40,43.3052429899364,0.0,42.31683
175276,40,43.2502361017359,0.0,44.005966
175301,40,40.9353385243495,0.0,41.568085
175326,40,39.1912242968209,0.0,38.439877
175351,40,36.6065250140258,0.0,37.21591
175376,40,33.9312541693146,25.6288544645873,33.813755
175401,40,31.5951033281287,73.4573039637039,30.998302
175426,40,30.0254353682551,100.0,30.190222
175451,40,34.9417821295707,100.0,34.53002
175476,40,39.9200436662129,55.4516310814102,40.99159
175501,40,45.1702270408311,0.0,44.582485
175526,40,46.2410301537712,0.0,46.277092
175551,40,44.3162943026782,0.0,44.646572
175576,40,42.6222702328754,0.0,42.220848
175601,28,39.6935035911797,0.0,40.69177
175626,28,37.7458770533779,0.0,36.60725
175651,28,35.946429693402,0.0,35.564743
175676,28,32.9662003993191,0.0,33.887016
175701,28,30.4203854098789,0.0,29.764498
175726,28,26.7365243061369,0.0,27.602682
175751,28,23.8503616027014,0.0,22.809809
175776,28,19.0722368332655,39.0961578630278,20.646572
175801,28,13.2312271619963,100.0,14.446087
175826,28,17.2833443566194,100.0,17.519028
175851,28,29.6668722420949,100.0,31.229618
175876,28,37.4736486015198,0.0,37.230602
175901,28,42.1736158069515,0.0,43.107265
175926,28,40.879267714489,0.0,41.241833
175951,28,38.6466380419049,0.0,39.06887
175976,28,35.9911656873952,0.0,36.205914
176001,37,32.9526063072711,0.0,33.125584
176026,37,30.8119514829778,37.2255574094842,29.69581
176051,37,27.9003744844129,75.4992838873881,27.862043
176076,37,28.3078281543579,100.0,28.505335
176101,37,33.0975399137161,100.0,33.507206
176126,37,39.2525295357104,34.7008032753692,39.48408
176151,37,44.2913023997505,0.0,44.300438
176176,37,43.8945329935543,0.0,43.881523
176201,37,41.9977630043445,0.0,42.137066
176226,37,39.9059003885714,0.0,39.90679
176251,37,37.18555597988,0.0,37.61035
176276,37,35.0506691421058,0.0,34.27073
176301,37,32.8338346065465,0.0,32.66626
176326,37,29.3823277563905,39.3706008371536,30.350147
176351,37,26.6610990115537,100.0,25.547852
176376,37,26.5789294509627,100.0,27.5642
176401,50,34.9678773034961,100.0,35.463707
176426,50,41.0758226250551,100.0,41.2819
176451,50,45.8175342519534,100.0,46.13823
176476,50,49.8061419597743,39.7948861825056,50.238903
176501,50,52.9349447871844,0.0,53.61849
176526,50,52.2635161219571,0.0,52.38303
176551,50,51.218589277303,0.0,50.204376
176576,50,49.4999777609537,0.0,49.13086
176601,50,47.5402850176381,0.0,47.356068
176626,50,46.0037476140506,8.99709173935689,45.412884
176651,50,43.6358289392979,36.4684843079806,43.592747
176676,50,41.9388148953297,78.8044318029222,41.094387
176701,50,41.8205265427101,100.0,41.79569
176726,50,44.1850733764715,100.0,45.184597
176751,50,48.4426796178991,69.0398653501308,48.636864
176776,50,51.7850987037519,0.0,52.28636
176801,36,53.1133163499779,0.0,53.645836
176826,36,51.7226563372777,0.0,51.348503
176851,36,49.9728111762459,0.0,49.563465
176876,36,48.267060162599,0.0,47.809334
176901,36,46.0816346006003,0.0,46.16312
176926,36,44.7669160124836,0.0,43.75939
176951,36,43.3486699985671,0.0,42.833755
176976,36,41.3405588833619,0.0,41.442364
177001,36,39.0098832088472,0.0,39.138203
177026,36,36.4539806145059,0.0,36.480396
177051,36,33.82694039589,0.0,33.68682
177076,36,31.0450060040601,3.73331885542787,30.966606
177101,36,28.2466704819376,53.465508232107,27.933653
177126,36,24.6484593935762,100.0,24.844872
177151,36,28.1647111771052,100.0,27.940868
177176,36,35.5461473957274,100.0,36.14012
177201,33,41.1909804131074,0.0,41.674435
177226,33,46.1236258107833,0.0,45.95073
177251,33,43.9825859627511,0.0,45.106518
177276,33,41.5838863069765,0.0,41.681274
177301,33,40.0493112817798,0.0,39.015915
177326,33,37.2947447183732,0.0,38.22337
177351,33,35.5130060164865,0.0,34.34876
177376,33,32.4709352252947,0.0,33.465954
177401,33,29.3501296235539,0.0,29.206038
177426,33,26.6027219916137,30.0849977185373,25.97998
177451,33,22.8194704660458,79.2034954595292,23.423157
177476,33,21.9778791899325,100.0,22.332335
177501,33,29.8915585635178,100.0,30.18652
177526,33,37.0127135809485,20.4804705681924,37.0578
177551,33,42.4671749021841,0.0,42.502277
177576,33,41.5458399218568,0.0,41.334263
177601,22,38.6703575473744,0.0,39.775288
177626,22,36.03888465287,0.0,35.624123
177651,22,33.4681685128121,0.0,33.19639
177676,22,30.5628095426874,0.0,30.657345
177701,22,27.6516692845444,0.0,27.407738
177726,22,24.7811580890895,0.0,24.462175
177751,22,19.9955312319065,0.0,21.601381
177776,22,15.6258971700476,0.563251608602705,14.994037
177801,22,8.93943487606335,78.6751759771079,11.018763
177826,22,0.214416909730641,100.0,0.08990623
177851,22,23.9544936219026,100.0,23.366846
177876,22,32.9024244762018,0.0,34.044807
177901,22,39.2145910184692,0.0,39.64721
177926,22,37.4627896977177,0.0,38.613155
177951,22,34.760672429271,0.0,35.463367
177976,22,31.5459162855489,0.0,31.838892
178001,30,29.2787386129519,0.0,28.109093
178026,30,26.0691621763016,0.0,26.712233
178051,30,22.7234582025984,34.9408857103995,22.58271
178076,30,17.7027438160501,94.754591536325,19.075895
178101,30,18.0840759946372,100.0,18.738699
178126,30,30.4925215984192,100.0,30.672083
178151,30,37.2506075718052,0.0,37.89741
178176,30,42.7856250313809,0.0,42.74998
178201,30,40.7291940634257,0.0,41.95933
178226,30,38.1227742088274,0.0,38.47523
178251,30,36.4278417097839,0.0,35.32463
178276,30,33.7871158401884,0.0,34.471695
178301,30,31.0458921731977,0.0,30.913494
178326,30,27.776518187854,0.0,28.050287
178351,30,24.3146476922214,4.38608957226042,24.250713
178376,30,19.8934736831148,66.2722554226567,20.5272
178401,22,14.8225473577548,100.0,15.050157
178426,22,23.6084592739307,92.9806992957116,24.884275
178451,22,33.1598221075521,0.0,33.38849
178476,22,38.9036180943445,0.0,39.09365
178501,22,37.1836448097649,0.0,38.226383
178526,22,34.0474966818318,0.0,35.211426
178551,22,31.5569409165309,0.0,30.709642
178576,22,28.3987049479428,0.0,28.802622
178601,22,25.0913373915894,0.0,24.98382
178626,22,20.898101721231,0.0,21.50301
178651,22,16.3275599264252,0.0,16.437086
178676,22,9.71156423813067,65.9194043717838,11.533272
178701,22,0.0799413982017366,100.0,1.853494
178726,22,20.9091184642663,100.0,20.78385
178751,22,32.2345434915207,0.0,32.91632
178776,22,38.4665884125107,0.0,39.456993
178801,24,35.7265180541746,0.0,37.876
178826,24,33.8707287440113,0.0,32.77858
178851,24,30.8966979780385,0.0,31.737564
178876,24,27.7041626656173,0.0,27.680244
178901,24,24.7163233494933,0.0,24.250046
178926,24,20.955780026899,0.0,21.425346
178951,24,14.9494167127572,18.8961106616503,16.899273
178976,24,7.36066803938295,100.0,10.013102
179001,24,0.979820924128655,100.0,4.70995
179026,24,27.3738473208972,100.0,27.331823
179051,24,35.1680856012147,0.0,36.501396
179076,24,41.4157001951247,0.0,41.23371
179101,24,39.3585666827321,0.0,40.73726
179126,24,36.915306572676,0.0,37.090294
179151,24,34.343865132987,0.0,34.25888
179176,24,31.380207977018,0.0,31.541063
179201,49,29.2772974398558,0.0,28.178335
179226,49,25.1237574936243,100.0,26.865566
179251,49,21.2235560554451,100.0,17.565355
179276,49,31.1983053913246,100.0,33.02162
179301,49,38.138267322538,100.0,38.27315
179326,49,43.3476038102559,100.0,43.745327
179351,49,47.8475997765987,65.690963373136,48.071575
179376,49,51.3918816167875,0.0,51.751003
179401,49,52.3893699656967,0.0,52.96891
179426,49,51.0930846076705,0.0,50.597267
179451,49,49.0706964747052,0.0,48.968502
179476,49,47.323081676662,0.0,46.890152
179501,49,45.9285895112626,0.0,45.241394
179526,49,43.7628605800839,19.5571065122141,43.946835
179551,49,42.2488902383581,58.2767366502091,40.97285
179576,49,40.3331556194012,85.3512768790433,40.647854
179601,39,41.4337700476834,100.0,41.798794
179626,39,44.9285079722816,0.0,45.15112
179651,39,48.775496340256,0.0,48.85069
179676,39,47.5397558435883,0.0,47.516582
179701,39,45.4154327699381,0.0,45.534153
179726,39,43.7487125720062,0.0,43.144127
179751,39,41.3408363330397,0.0,41.789394
179776,39,39.0793053095091,0.0,38.76179
179801,39,37.2642648277379,0.0,36.615654
179826,39,34.45255750238,0.0,35.203266
179851,39,31.9046555980458,45.9063626638272,31.424446
179876,39,29.631441531159,91.4608070622777,28.55201
179901,39,30.567329313531,100.0,31.113686
179926,39,36.4508238337595,100.0,36.296947
179951,39,42.189102598137,10.2566190381892,42.29238
179976,39,46.5720369175882,0.0,46.7884
180001,28,44.6806521045399,0.0,45.312366
180026,28,42.5603572319065,0.0,42.61217
180051,28,40.3774158290551,0.0,40.264435
180076,28,38.5743083918899,0.0,38.000736
180101,28,36.09576997504,0.0,36.537594
180126,28,32.8706048155351,0.0,33.397953
180151,28,30.7619230342211,0.0,29.437155
180176,28,27.50242995559,0.0,28.35952
180201,28,24.0919605150402,0.0,23.98321
180226,28,20.4130230673997,34.3636635237197,20.396538
180251,28,14.3568886634533,100.0,16.538385
180276,28,15.7988270233931,100.0,16.01669
180301,28,29.9618294467064,100.0,30.654558
180326,28,37.3370882486599,0.0,37.608932
180351,28,42.5350694342924,0.0,42.92255
180376,28,40.5709038975628,0.0,41.666306
180401,28,38.0485150614397,0.0,38.402306
180426,28,36.0407263433667,0.0,35.328808
180451,28,33.5455181842531,0.0,33.785927
180476,28,30.4768485584922,0.0,30.806606
180501,28,26.6319401841902,0.0,27.167042
180526,28,23.8952247163383,0.0,22.552435
180551,28,19.9636393012416,37.8195999268927,20.832703
180576,28,14.5209320177672,100.0,15.858996
180601,28,16.9262758650502,100.0,17.644878
180626,28,30.7561891786211,100.0,31.063997
180651,28,36.92437944586,0.0,38.222225
180676,28,42.2908975345244,0.0,42.379993
180701,28,41.0908558862068,0.0,41.454582
180726,28,38.4681496744489,0.0,39.289207
180751,28,36.0488399359938,0.0,35.65809
180776,28,33.2243821950197,0.0,33.406353
180801,45,30.4640431035409,0.0,30.172024
180826,45,28.0351169546949,100.0,27.444635
180851,45,24.1711753414372,100.0,21.75664
180876,45,33.0044252049075,100.0,34.390842
180901,45,39.9563728482883,100.0,39.697514
180926,45,44.7720179778903,54.6914789700349,45.25173
180951,45,48.3769359491787,0.0,48.942253
180976,45,49.8175208069934,0.0,49.318542
181001,45,48.0092158254038,0.0,48.169434
181026,45,45.93451789841,0.0,45.896618
181051,45,42.8461689257456,0.0,43.714886
181076,45,42.0058550895818,3.02022045296335,39.640923
181101,45,39.5611120358332,18.045897161992,40.156826
181126,45,37.5121293971353,61.7527229736507,36.62227
181151,45,35.4855250408369,98.3910826243109,35.311436
181176,45,37.607815927227,100.0,38.216328
181201,39,42.4753513403526,96.7206839168568,42.79965
181226,39,46.9174727649142,0.0,47.233555
181251,39,50.5918266461496,0.0,50.584282
181276,39,48.3795286791854,0.0,49.25213
181301,39,47.0083286722554,0.0,46.054825
181326,39,45.6195514082915,0.0,44.997158
181351,39,43.0461735773448,0.0,43.64822
181376,39,41.2205334188744,0.0,40.32815
181401,39,38.9972842811843,0.0,39.18837
181426,39,36.9532813507832,0.0,36.56889
181451,39,34.2511120354693,1.06259472434133,34.673447
181476,39,31.6928124631275,49.3686861412,31.311176
181501,39,28.2039171152243,95.1094627557456,28.286324
181526,39,30.2809482489946,100.0,30.169044
181551,39,37.1764600216185,100.0,36.462925
181576,39,42.8491039124747,0.0,42.9605
181601,28,46.9965266446919,0.0,47.394054
181626,28,45.1353127316634,0.0,45.83625
181651,28,43.0039680850504,0.0,43.086094
181676,28,41.3719034112807,0.0,40.702053
181701,28,38.7182509783917,0.0,39.48946
181726,28,36.6531613656712,0.0,35.881516
181751,28,34.0940134920555,0.0,34.350468
181776,28,30.7630070140667,0.0,31.300316
181801,28,28.6976760459861,0.0,27.208847
181826,28,25.1906819898152,0.0,26.315575
181851,28,20.9217154640756,14.5485762789522,21.41524
181876,28,15.9258382329787,90.8629618471679,16.891935
181901,28,8.80017175268095,100.0,10.061234
181926,28,26.5743471654398,100.0,27.286129
181951,28,34.279709227685,0.0,35.166977
181976,28,41.3405986885143,0.0,40.525738
182001,39,38.5271435264898,0.0,40.78651
182026,39,36.3497693101489,0.0,35.537945
182051,39,33.9335240364427,11.7600325432607,33.938255
182076,39,31.0879751196359,54.9566514784562,30.963022
182101,39,27.9932137253059,100.0,28.192707
182126,39,30.5733923788866,100.0,30.867035
182151,39,37.6431704264934,100.0,37.379566
182176,39,42.8078258392496,0.0,43.35308
182201,39,46.840264172647,0.0,47.279842
182226,39,45.0909858872357,0.0,45.667652
182251,39,43.3446574194399,0.0,43.07709
182276,39,40.9701327051578,0.0,41.381275
182301,39,39.2961338262161,0.0,38.418823
182326,39,37.2891916929641,0.0,37.386383
182351,39,34.658017747118,0.0,35.04762
182376,39,31.7146951155334,42.0325086259777,31.80206
182401,27,29.6242338320129,94.6546151788025,28.132334
182426,27,29.7160891364937,0.0,30.737541
182451,27,36.3006092906597,0.0,35.01944
182476,27,33.287177063908,0.0,35.82953
182501,27,31.143045384354,0.0,30.057384
182526,27,28.4718004748904,0.0,28.711039
182551,27,24.4844784166356,0.0,25.516514
182576,27,21.0345492088277,9.34943504927512,20.249405
182601,27,16.1357808441505,71.0228374033664,17.42512
182626,27,9.07777923851432,100.0,10.991981
182651,27,22.7621636993674,100.0,23.888641
182676,27,32.9178586939727,40.2234822078612,33.441425
182701,27,39.2529419874779,0.0,39.504803
182726,27,39.3731886728569,0.0,39.60192
182751,27,37.5724918299159,0.0,37.8386
182776,27,34.3144400187318,0.0,35.528076
182801,27,32.0346371023667,0.0,30.864378
182826,27,28.5792000607586,0.0,29.48366
182851,27,25.5879533875167,0.0,24.88606
182876,27,21.9436485081312,0.0,22.302444
182901,27,17.5148122713765,54.7382398067057,18.006502
182926,27,10.7004297115139,100.0,12.616174
182951,27,19.9306610984868,100.0,20.767298
182976,27,31.1955406453166,90.7929434642192,32.28042
183001,27,37.9800048459811,0.0,38.10445
183026,27,42.5623678272539,0.0,42.431713
183051,27,40.7509712915129,0.0,41.601307
183076,27,38.6478111800362,0.0,38.727673
183101,27,36.3197094038745,0.0,36.329098
183126,27,32.8660238983127,0.0,33.765873
183151,27,30.5877524539073,0.0,29.2172
183176,27,27.6051609872957,0.0,28.023819
183201,39,24.1360498571067,0.0,24.347878
183226,39,19.9115811341845,100.0,20.385805
183251,39,14.5076539488777,100.0,11.331856
183276,39,29.5725698619739,100.0,30.165966
183301,39,36.196832966618,100.0,37.366863
183326,39,42.1268681663785,14.5337713194064,42.143845
183351,39,46.1911002701195,0.0,46.73829
183376,39,44.8781822551077,0.0,44.842022
183401,39,42.7291266506877,0.0,42.941895
183426,39,40.5123842375206,0.0,40.407787
183451,39,38.585101370736,0.0,38.105198
183476,39,36.1831059532175,0.0,36.43149
183501,39,33.7173356955523,14.7362800845462,33.558273
183526,39,30.2815134303193,58.8185501835564,30.78156
183551,39,28.26044164949,100.0,27.33172
183576,39,31.1650830827104,100.0,31.757399
183601,47,37.906981712821,100.0,37.767925
183626,47,42.9118257632704,100.0,43.541763
183651,47,47.2988350242035,37.5650657091156,47.67105
183676,47,51.0223162499787,0.0,51.31793
183701,47,50.5910557267393,0.0,50.408455
183726,47,49.0705001169697,0.0,48.6223
183751,47,47.1737183444966,0.0,46.97181
183776,47,45.2305349453822,0.0,45.07182
183801,47,43.8906714820324,0.0,43.123947
183826,47,41.3167028458493,20.0580855917766,41.980377
183851,47,39.3028721174742,66.0750896588877,38.283062
183876,47,37.5471000937449,100.0,37.17789
183901,47,39.7373453589018,100.0,40.40381
183926,47,44.7628234272726,94.3598201350022,44.75905
183951,47,48.8426166424291,4.54648505791811,49.203495
183976,47,51.7686381667402,0.0,52.1846
184001,44,50.1512746781898,0.0,50.415504
184026,44,47.8846634137373,0.0,48.003727
184051,44,46.4205299493266,0.0,45.503864
184076,44,44.4048656045869,0.0,44.412403
184101,44,42.783189654696,0.0,42.225845
184126,44,40.747665076646,0.0,40.860638
184151,44,38.438658889549,22.6547568152528,38.513584
184176,44,36.1492901596144,63.9358935275197,35.726612
184201,44,34.7422819656427,100.0,34.288483
184226,44,37.1185172269861,100.0,37.878906
184251,44,42.3060145579408,87.5867563773684,42.544342
184276,44,46.8248793345375,0.0,46.999817
184301,44,49.5208481730947,0.0,50.023716
184326,44,47.9723772524186,0.0,48.068295
184351,44,45.8420082574736,0.0,45.902924
184376,44,44.4574687720412,0.0,43.569252
184401,23,42.8757012387021,0.0,42.522533
184426,23,40.6768855771033,0.0,40.95725
184451,23,38.3982794371057,0.0,38.28823
184476,23,35.6621161650312,0.0,35.911762
184501,23,32.8429893817075,0.0,32.717224
184526,23,30.3583217417935,0.0,29.791864
184551,23,26.7875804135118,0.0,27.59762
184576,23,24.1533888542424,0.0,22.967962
184601,23,19.5138002437715,0.0,21.19004
184626,23,14.2717365720441,26.6754141243861,14.642038
184651,23,5.86091181861737,100.0,9.635711
184676,23,7.39824636465607,100.0,8.049526
184701,23,27.5581277694863,100.0,28.763323
184726,23,35.5760461875991,0.0,36.14794
184751,23,41.0032686208586,0.0,41.592796
184776,23,39.6900885992832,0.0,40.215065
184801,34,37.3948442628849,0.0,37.913193
184826,34,34.3006208173613,0.0,34.88266
184851,34,31.6572335461555,0.0,31.004787
184876,34,28.7235448750712,6.2116833505912,28.759907
184901,34,25.4495526397146,58.6568797043063,25.357803
184926,34,22.0166497867563,100.0,21.951439
184951,34,26.652934903221,100.0,26.63326
184976,34,34.7303178994814,95.7297515706009,35.41137
185001,34,40.9571663036319,0.0,40.945946
185026,34,45.2990290438835,0.0,45.4194
185051,34,43.6500063988869,0.0,44.219177
185076,34,41.0485167062948,0.0,41.696693
185101,34,38.3080118170548,0.0,38.284138
185126,34,36.8117683400617,0.0,35.385365
185151,34,33.9406340328065,0.0,35.041092
185176,34,31.5109254871285,0.0,30.851437
185201,24,27.990020608455,8.8098951814943,28.81348
185226,24,24.6529148054681,0.0,24.181494
185251,24,21.1227726709708,0.0,21.383034
185276,24,16.5387440664029,15.7430598125446,17.285034
185301,24,9.85629671053749,97.6893397964867,12.5035305
185326,24,0.0,100.0,4.479525
185351,24,26.4815515234507,100.0,26.654482
185376,24,34.7333212729201,0.0,35.831085
185401,24,41.4154014494978,0.0,40.978237
185426,24,39.1136986538525,0.0,40.802174
185451,24,36.9657361238261,0.0,36.612534
185476,24,33.8228325471686,0.0,34.588066
185501,24,31.1853203529334,0.0,30.47638
185526,24,28.343554749792,0.0,28.28883
185551,24,24.764452532685,0.0,25.226322
185576,24,21.1333810588923,0.0,20.916819
185601,49,15.6943048127975,15.4773463650038,17.20064
185626,49,8.66067437197673,100.0,11.089372
185651,49,0.0,100.0,3.5754552
185676,49,27.0915003710092,100.0,27.097652
185701,49,35.3078664321406,100.0,36.354
185726,49,41.390813608804,100.0,41.54599
185751,49,45.8467649172995,100.0,46.409515
185776,49,49.7303948551969,20.997527129083,50.24686
185801,49,52.0368432291837,0.0,53.558033
185826,49,50.6366972876413,0.0,50.259758
185851,49,49.9234781292245,0.0,48.509346
185876,49,48.2464429421032,0.0,47.929413
185901,49,46.9232853977582,0.0,46.14778
185926,49,44.0749272260901,1.74902902913299,44.9225
185951,49,41.8908028148747,52.6683168188016,41.087097
185976,49,40.5552126933461,91.7211269029777,38.56952
186001,38,42.1685495043887,100.0,42.019184
186026,38,45.2074930012329,0.0,46.239265
186051,38,49.1502962584662,0.0,49.039227
186076,38,47.2704880653856,0.0,47.894245
186101,38,45.4211597847668,0.0,45.168602
186126,38,43.9564221224813,0.0,43.37866
186151,38,41.3970151105038,0.0,42.023922
186176,38,40.0568549275862,0.0,38.67575
186201,38,37.5897651226514,0.0,38.264328
186226,38,35.2447702598252,0.0,34.917603
186251,38,32.2081993605899,13.8124116247361,32.66431
186276,38,29.237405861356,68.0975981265306,28.826197
186301,38,26.6807225123783,100.0,26.376373
186326,38,31.1989060413949,100.0,31.341974
186351,38,37.8948311184904,86.1995840211465,37.919304
186376,38,42.9517053776947,0.0,43.25245
186401,41,46.6580142104277,0.0,46.291245
186426,41,44.1532528873698,0.0,45.442467
186451,41,42.8281891881274,0.0,41.510902
186476,41,40.5247882986419,0.0,40.952938
186501,41,37.6522860290208,0.0,38.036076
186526,41,35.6883653289269,24.4511034533773,34.598732
186551,41,33.1750996191853,59.5640614646723,33.298958
186576,41,32.0686665460724,100.0,31.872824
186601,41,34.5069640328375,100.0,35.22563
186626,41,40.3525230106975,80.7335242929303,40.428806
186651,41,45.0551204850229,0.0,45.333984
186676,41,47.4277197596789,0.0,48.022957
186701,41,46.0746532487298,0.0,45.990654
186726,41,44.1673058938167,0.0,44.09511
186751,41,41.8237816709763,0.0,42.0866
186776,41,39.8383115106316,0.0,39.31019
186801,43,38.2438655617141,0.0,37.642345
186826,43,35.6400683154363,49.6599523562234,36.396973
186851,43,32.6925444019368,96.2140169397049,32.14423
186876,43,33.9743505082428,100.0,34.17601
186901,43,39.9796006053478,100.0,39.556175
186926,43,44.2209925175466,18.7076726265498,45.205368
186951,43,48.3197447635859,0.0,48.4581
186976,43,47.4264517703201,0.0,46.888397
187001,43,45.1479987354026,0.0,45.47983
187026,43,43.6535587594636,0.0,42.728806
187051,43,41.9197850453975,0.0,41.725563
187076,43,38.9325563699318,0.0,39.971222
187101,43,36.8461618846038,37.400844053616,35.783638
187126,43,34.9458693016282,74.704714139994,33.970078
187151,43,34.6436350500887,100.0,35.28836
187176,43,37.7420970574269,100.0,38.650124
187201,20,43.2165730461144,58.7429555209596,43.119434
187226,20,47.3141595415211,0.0,47.54769
187251,20,48.2175485406561,0.0,48.58415
187276,20,46.663808132465,0.0,46.53822
187301,20,45.042643142432,0.0,44.633717
187326,20,42.7957680124739,0.0,43.051468
187351,20,40.9788133348559,0.0,40.382915
187376,20,39.2609234169989,0.0,38.952465
187401,20,35.97672175763,0.0,37.3106
187426,20,33.443911052804,0.0,32.518555
187451,20,31.3267987777758,0.0,30.668558
187476,20,28.4783728087453,0.0,28.922075
187501,20,24.9964763375307,0.0,25.3562
187526,20,20.4294917211117,0.0,21.242752
187551,20,15.7819621853669,0.0,15.620532
187576,20,8.45799826119705,39.5839814980673,10.948322
187601,40,0.0,100.0,2.2375689
187626,40,12.8578367367876,100.0,12.539642
187651,40,29.1449609492544,100.0,30.278786
187676,40,36.0625600329626,100.0,37.119247
187701,40,41.9317104157115,34.7888588837867,42.057663
187726,40,46.3252660384586,0.0,46.657394
187751,40,46.1456110262626,0.0,45.779514
187776,40,43.7305213902773,0.0,44.35428
187801,40,41.9221571421671,0.0,41.16847
187826,40,39.7400560566174,0.0,39.91252
187851,40,36.9435069322637,0.0,37.35783
187876,40,35.1752201479724,19.004627391134,33.95447
187901,40,33.0886657726372,50.6199440602819,32.838257
187926,40,30.4688546809148,87.9284538140005,31.425312
187951,40,31.9676935455363,100.0,32.42588
187976,40,37.310267215095,100.0,37.30715
188001,38,42.5732645611152,12.5249049641348,42.946022
188026,38,46.8981135079766,0.0,47.03534
188051,38,45.03170555182,0.0,45.58679
188076,38,43.7666811716085,0.0,42.97936
188101,38,40.9356078053677,0.0,41.8723
188126,38,38.8492697672353,0.0,37.953762
188151,38,37.3985832307369,0.0,36.548412
188176,38,34.8864921045983,0.0,35.662052
188201,38,31.977163986984,20.0369239474255,32.145027
188226,38,28.6348769602791,72.048488577106,28.847092
188251,38,26.2263831107012,100.0,26.112036
188276,38,31.4245908716973,100.0,31.227297
188301,38,38.3579470779654,81.9896306202584,38.155434
188326,38,43.3411366673396,0.0,43.626312
188351,38,46.7973791187862,0.0,46.436073
188376,38,44.7041284458842,0.0,45.540455
188401,22,42.4634071781577,0.0,42.455036
188426,22,40.367601989679,0.0,40.053043
188451,22,37.8044839408799,0.0,38.072937
188476,22,36.250995368486,0.0,35.04397
188501,22,33.4819673776705,0.0,34.42529
188526,22,30.7001810526273,0.0,30.484411
188551,22,27.464617150627,0.0,27.66292
188576,22,23.4623230492992,0.0,23.967571
188601,22,20.1060160759744,0.0,19.202967
188626,22,14.279598855686,0.0,16.421957
188651,22,6.54627438667006,100.0,9.092555
188676,22,0.389631518876031,100.0,0.0
188701,22,26.888155098139,100.0,27.215914
188726,22,35.3033935222704,0.0,36.123398
188751,22,41.5013623646753,0.0,41.451885
188776,22,38.6671427798504,0.0,40.812855
188801,23,36.6884669067213,0.0,35.65976
188826,23,34.4328391636014,0.0,34.46754
188851,23,31.672846979267,0.0,31.928513
188876,23,28.4586727912814,0.0,28.665796
188901,23,24.9718814418919,0.0,24.991674
188926,23,20.7710687884559,0.0,21.213295
188951,23,16.6868301277717,3.92105049383613,16.301985
188976,23,9.55389564963425,76.9320601142427,12.512269
189001,23,0.0,100.0,1.2578
189026,23,22.8369130347492,100.0,22.99985
189051,23,32.5050180553111,0.0,33.633507
189076,23,39.8151091199908,0.0,39.4262
189101,23,37.2236646860704,0.0,39.345894
189126,23,34.5888889478157,0.0,34.430668
189151,23,31.8188739575332,0.0,31.728853
189176,23,29.4123062505182,0.0,28.803831
189201,28,26.3635443519852,0.0,26.71578
189226,28,21.92536025364,0.0,23.031555
189251,28,17.2979513534897,72.6146852479103,17.245216
189276,28,10.4915095346312,100.0,10.858871
189301,28,24.4619720724035,100.0,24.542038
189326,28,33.3023650795681,27.3534048707764,34.227436
189351,28,39.9729152449999,0.0,39.53502
189376,28,38.9188388076411,0.0,39.119034
189401,28,36.4495804755194,0.0,37.207535
189426,28,33.5244528389693,0.0,33.764023
189451,28,31.2943633569035,0.0,30.380228
189476,28,27.4017607652017,0.0,28.782862
189501,28,24.9306612782805,0.0,23.28497
189526,28,20.3448812570339,18.8783653157956,22.12873
189551,28,15.1810510862566,100.0,16.238104
189576,28,10.5914843290782,100.0,9.998569
189601,24,28.1717157573031,100.0,29.336071
189626,24,36.2097245485041,0.0,36.43789
189651,24,41.5770791433437,0.0,42.095226
189676,24,39.5897629730154,0.0,40.76256
189701,24,37.1767420363436,0.0,37.38958
189726,24,34.4328583523758,0.0,34.55141
189751,24,31.8259810949609,0.0,31.468454
189776,24,29.3899947205517,0.0,28.96473
189801,24,26.2872368646786,0.0,26.66553
189826,24,21.8993747721697,0.0,22.903608
189851,24,17.702366989108,1.4503757820052,17.265741
189876,24,10.8000657075254,76.4768316250819,13.216845
189901,24,0.279294942853497,100.0,2.260639
189926,24,22.6160880143329,100.0,22.939682
189951,24,33.4744500710525,0.0,33.54413
189976,24,38.9252963896806,0.0,40.41874
190001,20,36.8914957232782,0.0,38.203674
190026,20,34.5286556230727,0.0,34.62066
190051,20,32.230858822908,0.0,31.92426
190076,20,28.803672077316,0.0,29.664879
190101,20,25.9784142421033,0.0,25.139389
190126,20,21.596971745089,0.0,22.853193
190151,20,17.3579048935049,0.0,16.966858
190176,20,10.7623109884826,11.0403970835925,12.844873
190201,20,0.231682697051875,100.0,6.167203
190226,20,0.0,100.0,0.0
190251,20,26.2627579712894,100.0,27.38917
190276,20,35.4590083441114,0.0,35.653942
190301,20,41.234344798143,0.0,41.717823
190326,20,38.3956156308371,0.0,40.490845
190351,20,36.6733981802549,0.0,35.38128
190376,20,34.3520979340315,0.0,34.69398
190401,39,31.9339609087111,0.0,31.78508
190426,39,28.7556643433728,90.0225805535999,29.25163
190451,39,24.9930454185192,100.0,23.14308
190476,39,32.4948218892692,100.0,33.19914
190501,39,39.0753181077039,80.0708645433713,39.190884
190526,39,43.8180106565206,0.0,44.259346
190551,39,47.3721290363977,0.0,46.77416
190576,39,44.6319358709123,0.0,46.112297
190601,39,42.895107095051,0.0,41.772514
190626,39,41.0200042966233,0.0,40.940166
190651,39,38.8052644085124,0.0,38.939793
190676,39,36.7030748144665,0.0,36.38298
190701,39,33.956808196459,4.80573363429281,34.365917
190726,39,31.5040739720457,53.9006529476749,30.85186
190751,39,28.5865819844389,97.7551413177805,28.345951
190776,39,30.9428989379366,100.0,31.22338
190801,45,37.7729412989346,100.0,37.307987
190826,45,43.4110534253002,93.0102239117527,43.43978
190851,45,46.8989423324484,0.0,48.046913
190876,45,49.8626844528637,0.0,50.226097
190901,45,48.3347184350856,0.0,48.43954
190926,45,46.7292561350718,0.0,46.257435
190951,45,44.936794679445,0.0,44.68879
190976,45,43.4063707998334,0.0,42.9201
191001,45,41.0767659085782,0.0,41.480152
191026,45,38.6213034624155,33.9511766428052,38.568855
191051,45,36.6517268850696,77.8517972761643,35.651997
191076,45,36.341639787529,100.0,36.438877
191101,45,39.4973861392757,100.0,40.276886
191126,45,44.4624028643019,62.2468334157947,44.609703
191151,45,48.6681759511082,0.0,48.641323
191176,45,49.7495119362665,0.0,50.117954
191201,27,47.8230413622938,0.0,48.050117
191226,27,46.056429907894,0.0,45.696518
191251,27,43.9613538695044,0.0,44.010544
191276,27,42.6384226287194,0.0,41.70314
191301,27,40.5792525125497,0.0,40.76935
191326,27,38.4161921317568,0.0,38.321213
191351,27,35.6458793259325,0.0,36.038727
191376,27,33.2477162828582,0.0,32.668636
191401,27,30.35860289486,0.0,30.597286
191426,27,27.9906653371368,0.0,27.216808
191451,27,23.6216676151275,0.0,25.316395
191476,27,19.6467553384191,23.9951309694728,19.019468
191501,27,14.45093592307,95.05463544257,15.861226
191526,27,11.9356966153288,100.0,11.937625
191551,27,27.8207600986695,100.0,28.74179
191576,27,35.7082577285175,0.0,36.02114
191601,39,41.495666629776,0.0,41.673256
191626,39,39.6358444216772,0.0,40.74603
191651,39,37.2867871630656,0.0,37.556255
191676,39,34.0213946830298,0.0,34.722828
191701,39,31.7545984101204,52.6644625516849,30.56149
191726,39,28.9091279547255,93.1951580989486,28.264517
191751,39,30.6390989258628,100.0,31.321325
191776,39,37.2978461571388,100.0,36.54123
191801,39,42.495624835123,0.0,43.040623
191826,39,46.5514054800662,0.0,47.0159
191851,39,45.0121926889244,0.0,45.39102
191876,39,42.9830863810121,0.0,43.035206
191901,39,41.1323470688073,0.0,40.777298
191926,39,38.5643253064312,0.0,39.076065
191951,39,36.5971402394534,0.0,35.80675
191976,39,34.3847608025134,6.64568636545044,34.38615
192001,22,31.3133542109422,46.1976215283389,31.673248
192026,22,28.545614591608,0.0,27.971464
192051,22,30.162028805397,0.0,29.147459
192076,22,26.7283301580847,0.0,29.136688
192101,22,22.6558376524745,0.0,23.037252
192126,22,18.4579399019637,0.0,18.32231
192151,22,13.2347454982971,26.9562268242304,13.977142
192176,22,4.24138717071162,100.0,8.613807
192201,22,6.9117903262621,100.0,7.407807
192226,22,27.5099099879364,100.0,28.683441
192251,22,35.9332228611178,0.0,36.1438
192276,22,41.7132370323685,0.0,41.946728
192301,22,39.213684558363,0.0,40.9559
192326,22,36.6335142631259,0.0,36.52709
192351,22,34.3209131393859,0.0,33.845276
192376,22,31.8620401034226,0.0,31.76178
192401,35,29.24746446834,0.0,29.140615
192426,35,26.3482551827075,66.3554790149105,26.353306
192451,35,21.7126635716232,100.0,22.07351
192476,35,27.9956237725063,100.0,28.166588
192501,35,35.8343902691863,88.7972759814067,36.007233
192526,35,41.9458108389593,0.0,41.596355
192551,35,44.7914997105938,0.0,45.6153
192576,35,42.9419888174907,0.0,43.50474
192601,35,40.9336843670719,0.0,40.903614
192626,35,38.8385925449687,0.0,38.7271
192651,35,36.8327035538555,0.0,36.52938
192676,35,33.8045349653214,0.0,34.587578
192701,35,31.494036860543,0.0,30.56601
192726,35,28.6534148062627,26.1951104879042,28.908758
192751,35,25.0779155817084,76.9794774864499,25.54057
192776,35,23.160772121946,100.0,23.622322
192801,31,30.9876082051579,100.0,30.435587
192826,31,37.4856369938705,0.0,37.949642
192851,31,42.993538635732,0.0,42.905804
192876,31,41.4763260098963,0.0,42.156902
192901,31,38.8132343017448,0.0,39.611053
192926,31,35.6380820859262,0.0,35.968555
192951,31,33.5906392286662,0.0,32.279297
192976,31,31.2335474350976,0.0,31.274101
193001,31,27.6496214622943,0.0,28.60177
193026,31,24.0808492166694,23.3843830518925,23.82616
193051,31,19.5418514561256,87.1840687079475,20.55118
193076,31,18.1478832728518,100.0,16.574713
193101,31,28.5242834234646,100.0,29.538094
193126,31,36.9542529967527,7.83114946275229,36.181206
193151,31,41.3936681948566,0.0,42.766705
193176,31,39.7632573945784,0.0,40.348312
193201,39,37.3570144341525,0.0,37.89439
193226,39,35.2624588663867,0.0,34.73987
193251,39,32.6633718160804,30.3368786196855,32.91816
193276,39,29.7210530699911,76.804352209427,29.628637
193301,39,29.1617441962728,100.0,29.033585
193326,39,34.1355085272358,100.0,34.137863
193351,39,40.4436074742097,50.5497886347576,40.341324
193376,39,44.3445277681904,0.0,45.20386
193401,39,44.9097090762528,0.0,45.203926
193426,39,43.5828410644435,0.0,43.27736
193451,39,41.6665789588128,0.0,41.684105
193476,39,39.2090718224099,0.0,39.554028
193501,39,36.6779996323201,0.0,36.56205
193526,39,34.1933866556501,5.06678606673997,33.936474
193551,39,31.9552716631274,49.4847055305813,31.309446
193576,39,29.1387649201848,89.5023185798163,28.929909
193601,28,30.4990070205709,100.0,31.087362
193626,28,36.3782894564682,0.0,36.146873
193651,28,41.9868061066612,0.0,41.873573
193676,28,40.0916636339565,0.0,41.195683
193701,28,38.3198404336515,0.0,37.98333
193726,28,35.2126374145604,0.0,36.31007
193751,28,33.048238779399,0.0,31.91366
193776,28,29.8865302689355,0.0,30.616095
193801,28,27.0506321421883,0.0,26.48317
193826,28,22.9831252975374,0.0,23.92606
193851,28,18.8448289184942,53.1519418932102,18.657555
193876,28,13.063283913849,100.0,14.23581
193901,28,20.6863695974184,100.0,21.390741
193926,28,31.3706317160739,94.2749283951371,32.582096
193951,28,38.7831577073142,0.0,38.313923
193976,28,43.0816630029937,0.0,43.558235
194001,23,41.2684199892105,0.0,42.062668
194026,23,38.8033806830826,0.0,39.248203
194051,23,36.1610001557289,0.0,36.14522
194076,23,33.8582778798234,0.0,33.30944
194101,23,31.1104057712635,0.0,31.303852
194126,23,28.1329071707759,0.0,28.109177
194151,23,25.2225604064323,0.0,24.885681
194176,23,20.7699330568481,0.0,22.009642
194201,23,16.1140609663118,3.18161774180744,16.067043
194226,23,8.65324791083195,86.4105775926277,11.4246025
194251,23,0.900723084163359,100.0,0.0
194276,23,25.5118644025268,100.0,24.83242
194301,23,34.0374916504656,0.0,34.93563
194326,23,39.7407644886625,0.0,40.486088
194351,23,38.0973766472428,0.0,39.03189
194376,23,35.5491153745188,0.0,36.205406
194401,31,32.8130786386521,0.0,32.78015
194426,31,29.9512498324769,0.0,29.839952
194451,31,27.4591427757291,0.0,26.831106
194476,31,22.6831135734522,26.5810847403197,24.662579
194501,31,19.2567906289497,100.0,18.318443
194526,31,17.6932322905756,100.0,16.812885
194551,31,30.1020321478197,100.0,31.350866
194576,31,37.2567808002355,0.0,37.58301
194601,31,42.2086449810113,0.0,42.819298
194626,31,40.9359859360112,0.0,41.313225
194651,31,38.4629559291683,0.0,39.12735
194676,31,36.1128060462466,0.0,35.79388
194701,31,33.7425577480891,0.0,33.53613
194726,31,31.1179648042753,0.0,31.12336
194751,31,27.9379985587079,0.0,28.232977
194776,31,24.1279794423905,18.0096998215508,24.498049
194801,35,20.6813401400496,86.1209948841139,20.436495
194826,35,16.5809506002606,100.0,16.594973
194851,35,27.5629745332434,100.0,28.68885
194876,35,35.1695677114776,96.3136395245142,35.72318
194901,35,41.4571001464657,0.0,41.29306
194926,35,45.4025228480242,0.0,45.91679
194951,35,43.7226904330541,0.0,44.260624
194976,35,41.8579260525322,0.0,41.76189
195001,35,39.4686887553942,0.0,39.795353
195026,35,37.9063815814393,0.0,36.888584
195051,35,35.0097722606394,0.0,36.085545
195076,35,32.293207627389,0.0,31.907206
195101,35,30.1810247439874,11.6841311554432,29.333254
195126,35,26.0534262262445,49.4457679253027,27.516848
195151,35,22.5789629898366,100.0,22.66902
195176,35,24.851913395424,100.0,25.901909
195201,33,34.6264063359203,100.0,34.614807
195226,33,40.0423222706164,0.0,41.09737
195251,33,44.234873836205,0.0,44.913567
195276,33,42.5633247565907,0.0,43.16513
195301,33,40.8325006237226,0.0,40.638557
195326,33,38.4405674968953,0.0,38.88388
195351,33,36.9671086693546,0.0,35.847687
195376,33,34.0440112776275,0.0,35.21707
195401,33,30.4987668933698,0.0,30.906866
195426,33,28.295155390438,7.98926982382334,26.74011
195451,33,24.7128025967538,47.3847095896131,25.546785
195476,33,20.767303584752,100.0,21.421005
195501,33,23.9265475751747,100.0,24.1725
195526,33,33.4917569981918,100.0,34.16857
195551,33,40.050886422709,0.0,40.147083
195576,33,45.0863218196178,0.0,45.08934
195601,36,42.8086364976157,0.0,44.11597
195626,36,40.149055608741,0.0,40.366882
195651,36,38.2303430803896,0.0,37.320984
195676,36,35.8741696535401,0.0,36.081276
195701,36,33.5076560307667,0.0,33.289436
195726,36,31.2256265485255,7.8400411601033,30.889637
195751,36,27.8910925810877,48.6371813943533,28.392351
195776,36,24.3231046519483,100.0,24.562376
195801,36,25.6686825439059,100.0,27.154726
195826,36,34.8151772859844,100.0,35.01427
195851,36,40.9056006086948,0.0,41.21269
195876,36,45.4262205418865,0.0,45.76881
195901,36,43.2416833773616,0.0,44.36906
195926,36,41.1807327955522,0.0,40.892017
195951,36,39.141377171854,0.0,38.927006
195976,36,37.345350129347,0.0,36.88769
196001,46,34.571212933855,0.0,35.303078
196026,46,32.1909969954333,100.0,31.579681
196051,46,29.3417070249492,100.0,26.573547
196076,46,36.5586954578243,100.0,36.90804
196101,46,41.4957822471506,100.0,42.483883
196126,46,46.1026272338055,43.940294650755,46.42995
196151,46,50.0418085414903,0.0,50.15393
196176,46,50.2352185760087,0.0,50.050888
196201,46,48.7934257129805,0.0,48.37889
196226,46,47.2527748347646,0.0,46.71599
196251,46,45.6001812313843,0.0,45.206703
196276,46,43.0828356412068,0.0,43.586796
196301,46,41.0207031403444,15.5540201542662,40.417984
196326,46,38.7968187083704,52.4215012363358,38.296497
196351,46,36.3894325923733,92.1851492537342,36.58535
196376,46,38.2109937336323,100.0,38.03797
196401,50,41.9781172385762,100.0,42.927322
196426,50,46.7283037933576,100.0,46.775444
196451,50,50.3957133396567,21.9866028198406,51.04952
196476,50,52.9653620981703,0.0,54.184002
196501,50,52.3568132036944,0.0,51.186386
196526,50,50.3462098897159,0.0,50.30502
196551,50,48.7249503652636,0.0,48.129097
196576,50,47.5947270289519,0.0,46.620598
196601,50,45.5045891406708,6.49571791138926,45.604492
196626,50,43.4618398376762,43.8625910690787,42.990704
196651,50,41.7007058023303,80.3873103141527,40.86484
196676,50,42.4181434835537,100.0,42.03445
196701,50,44.5212142127513,99.078287755475,45.87219
196726,50,49.159109958153,61.5037347885221,48.89157
196751,50,53.062584685989,0.0,52.840862
196776,50,52.5895683214388,0.0,54.237217
196801,43,51.5351679165908,0.0,50.55264
196826,43,49.9978455962255,0.0,49.43617
196851,43,47.9623915528244,0.0,47.86795
196876,43,45.9921814417214,0.0,45.781273
196901,43,44.445626599548,0.0,43.863976
196926,43,42.4017995847503,0.0,42.484867
196951,43,40.9159229314902,0.0,40.176353
196976,43,38.6224779598013,0.767638671145285,39.072895
197001,43,36.2670912630582,41.7678703313888,36.11479
197026,43,33.4393476231514,83.8807056562704,33.07056
197051,43,33.4662836228286,100.0,34.11388
197076,43,38.1759713030403,100.0,38.11993
197101,43,43.3261405241598,49.820233611888,43.59836
197126,43,47.5927986713062,0.0,47.6828
197151,43,48.1510222172737,0.0,48.20833
197176,43,45.9384082685249,0.0,46.41799
197201,25,44.4262686767037,0.0,43.58912
197226,25,43.0031348657332,0.0,42.47167
197251,25,40.5291207857424,0.0,41.10666
197276,25,39.3018582448953,0.0,37.879684
197301,25,36.3085942360573,0.0,37.550785
197326,25,33.1454698264596,0.0,33.127876
197351,25,31.0025660792517,0.0,29.773218
197376,25,27.9156248079635,0.0,28.570314
197401,25,23.9508567944706,0.0,24.56311
197426,25,19.6474101152843,0.0,19.731726
197451,25,14.8144736819702,59.0265035104795,15.074558
197476,25,7.78197123226778,100.0,9.17426
197501,25,19.9328413713986,100.0,20.926872
197526,25,30.9455844483019,54.0014786384802,32.354725
197551,25,38.3994382468225,0.0,37.87187
197576,25,39.2165550265917,0.0,39.81062
197601,36,37.2161337681709,0.0,37.79762
197626,36,35.2610100921065,0.0,34.979977
197651,36,32.0236391396765,0.0,33.04808
197676,36,29.7489378356282,34.4353129286651,28.570263
197701,36,26.1342796376309,75.1049531274509,26.779865
197726,36,26.1721708521472,100.0,26.405106
197751,36,31.7733796567961,100.0,31.716154
197776,36,38.0081280079819,38.9790902730401,38.471905
197801,36,43.5949356290821,0.0,43.185207
197826,36,42.8821261641217,0.0,43.610218
197851,36,41.6475272108104,0.0,41.104404
197876,36,38.9006734537702,0.0,39.82318
197901,36,36.8259489009064,0.0,35.97794
197926,36,34.3252380133896,0.0,34.5159
197951,36,31.7679913990129,0.0,31.588896
197976,36,29.1977381432165,39.0284542869858,28.952934
198001,25,25.3107748260743,84.9816870345805,25.934908
198026,25,25.7740161168783,0.0,26.2573
198051,25,32.7980039574952,0.0,30.784302
198076,25,30.2808016570387,0.0,32.502804
198101,25,27.3617620355204,0.0,27.488678
198126,25,23.4295279523427,0.0,24.161936
198151,25,19.993967872947,0.0,19.235859
198176,25,14.0282152558368,52.8549015660681,16.234118
198201,25,5.68748154312627,100.0,8.161918
198226,25,17.9042349290242,100.0,18.853933
198251,25,30.7658267242443,90.2918984525473,31.651447
198276,25,38.0799677738294,0.0,37.841637
198301,25,42.2550022434023,0.0,42.546722
198326,25,40.3540321978353,0.0,41.242752
198351,25,37.9677401559248,0.0,38.24282
198376,25,35.4659348081109,0.0,35.37547
198401,41,32.5613967485125,0.0,32.739918
198426,41,29.9358547898866,100.0,29.426992
198451,41,26.8749929763127,100.0,23.971716
198476,41,34.6732387570296,100.0,35.69487
198501,41,40.9041323555928,76.465581903626,40.99801
198526,41,45.2474035729563,0.0,45.87237
198551,41,47.5955794182354,0.0,47.956165
198576,41,46.0193996577478,0.0,46.149796
198601,41,44.2138024307985,0.0,44.00549
198626,41,42.151730114967,0.0,42.206383
198651,41,40.0943533627379,0.0,39.9066
198676,41,37.6242337756553,0.0,37.83317
198701,41,35.8695017228227,23.686199543368,34.94955
198726,41,32.6216511801938,55.0599764777943,33.520897
198751,41,31.2243043026611,100.0,31.140715
198776,41,33.3147997045318,100.0,33.901436
198801,20,40.2450933044102,100.0,39.435276
198826,20,44.6075322733381,0.0,45.49404
198851,20,48.3820868739303,0.0,48.702633
198876,20,46.6969690999305,0.0,47.124355
198901,20,44.702638557373,0.0,44.644623
198926,20,42.7135386786447,0.0,42.54618
198951,20,40.8013961114416,0.0,40.542763
198976,20,37.9375498376965,0.0,38.68411
199001,20,36.7517999234722,0.0,34.89499
199026,20,33.8824772135858,0.0,35.085487
199051,20,31.1860053696441,0.0,30.794401
199076,20,28.1476463614187,0.0,28.233967
199101,20,24.8551362312669,0.0,24.843216
199126,20,19.9769174088715,0.0,21.27846
199151,20,15.1082908012947,0.0,14.894304
199176,20,7.73196960334842,50.2977918537306,10.158414
199201,26,0.0430709121440736,100.0,0.67373836
199226,26,16.8860025049742,100.0,16.49427
199251,26,30.2606660670435,100.0,31.436274
199276,26,37.3741467601167,0.0,37.787178
199301,26,42.1671725506829,0.0,42.911434
199326,26,41.0318820216578,0.0,41.24941
199351,26,38.2111219576968,0.0,39.24252
199376,26,35.8706372930602,0.0,35.211884
199401,26,33.21041782571,0.0,33.300655
199426,26,30.5187049942414,0.0,30.31269
199451,26,26.9859600819909,0.0,27.5645
199476,26,24.0036832545506,0.0,23.20412
199501,26,20.3680762147859,0.0,20.710857
199526,26,14.5738256152166,63.4646603206827,16.423449
199551,26,6.65286733026193,100.0,8.048265
199576,26,20.6933702469689,100.0,21.681135
199601,39,32.1676523254468,57.7356728009616,32.666733
199626,39,38.4708369677267,85.0203644946639,38.90199
199651,39,39.955833594699,0.0,41.23861
199676,39,43.7420934356632,0.0,42.85451
199701,39,41.8205053031069,0.0,42.626934
199726,39,39.6764201036034,0.0,39.704468
199751,39,37.7050823290878,0.0,37.32938
199776,39,35.0166954369563,0.0,35.5012
199801,39,32.7420833665623,34.0924522338323,32.1104
199826,39,29.3140331769893,74.7605137161096,29.80113
199851,39,28.8236982390436,100.0,29.35482
199876,39,33.6689907864935,100.0,33.76646
199901,39,39.9059480483177,58.2534913205619,39.952465
199926,39,45.1191581735237,0.0,44.774616
199951,39,45.9812943044633,0.0,46.436127
199976,39,44.3042677140524,0.0,44.363712
200001,29,42.654001420565,0.0,42.32647
200026,29,39.7283512703185,0.0,40.730324
200051,29,37.1939341926676,0.0,36.645374
200076,29,35.375883792275,0.0,34.45439
200101,29,33.1170398400044,0.0,33.293255
200126,29,30.2812213912454,0.0,30.596577
200151,29,26.9786356407525,0.0,27.188875
200176,29,23.2596467688005,0.0,23.413595
200201,29,19.1835102401414,65.4380493575574,19.265228
200226,29,13.5025256638905,100.0,13.931747
200251,29,23.3621535052607,100.0,24.12437
200276,29,32.5067023537955,63.6787967248445,33.78797
200301,29,39.6996820898742,0.0,38.82911
200326,29,40.9162642987935,0.0,42.051544
200351,29,39.8444645155375,0.0,39.505093
200376,29,36.922183094099,0.0,38.101852
200401,47,34.6736780560718,0.0,33.814457
200426,47,31.6549425440282,100.0,32.178455
200451,47,28.5211795171782,100.0,25.69233
200476,47,36.4546747856657,100.0,36.51698
200501,47,41.5964967317432,100.0,42.455242
200526,47,46.1167038672492,59.5309487384706,46.52843
200551,47,50.1113109180327,0.0,50.113647
200576,47,50.908586749218,0.0,51.29408
200601,47,49.3873037408853,0.0,49.129696
200626,47,47.9483632504126,0.0,47.278763
200651,47,45.4779936879587,0.0,45.89735
200676,47,43.9084444736933,0.0,42.88124
200701,47,42.0886998990397,18.1988916006932,41.96047
200726,47,39.8212791311223,50.7340987570022,39.451
200751,47,37.8255242341759,91.2757988170126,37.9479
200776,47,39.15648477333,100.0,39.25512
200801,30,43.4247880564109,100.0,43.620056
200826,30,47.7297531241221,0.0,48.080822
200851,30,50.7619009077573,0.0,51.54714
200876,30,48.8234249439949,0.0,49.32163
200901,30,47.8113848490815,0.0,46.66476
200926,30,46.1631191149933,0.0,45.83364
200951,30,44.5147748043451,0.0,44.133137
200976,30,41.9484261306345,0.0,42.53543
201001,30,40.2923658040011,0.0,39.226112
201026,30,37.8053661155651,0.0,38.403767
201051,30,35.510375088596,0.0,35.11658
201076,30,32.3145897743389,0.0,32.97968
201101,30,29.9883554328283,0.0,28.903294
201126,30,26.3491229647005,0.0,27.37326
201151,30,22.8400060173411,27.9029620681524,22.460604
201176,30,17.9058062175014,90.6370161904263,19.248049
201201,36,16.6927308825851,100.0,16.557165
201226,36,29.1068813824839,100.0,29.403912
201251,36,37.4483559051486,85.9573348658155,36.782104
201276,36,41.9177163060858,0.0,42.930355
201301,36,45.6034982445046,0.0,45.196465
201326,36,43.4395677691531,0.0,44.416916
201351,36,41.4850756312552,0.0,41.11129
201376,36,38.8235018381451,0.0,39.334694
201401,36,36.8052475744256,0.0,35.980354
201426,36,34.3335636445737,0.0,34.5482
201451,36,31.8399338923506,0.0,31.624668
201476,36,28.6677121996229,37.0452948339317,29.085533
201501,36,25.757446394225,93.7585441469581,25.056232
201526,36,26.2295242146483,100.0,26.327074
201551,36,34.1838839803568,100.0,34.290653
201576,36,39.8062534659776,0.0,40.611027
201601,29,45.0111843689771,0.0,44.73877
201626,29,42.6219614496098,0.0,44.068295
201651,29,41.0393038892012,0.0,40.073242
201676,29,39.0930423658379,0.0,39.17548
201701,29,36.6003181435918,0.0,36.926605
201726,29,34.0085878988704,0.0,33.89415
201751,29,31.1377789279462,0.0,31.183334
201776,29,28.0349020081526,0.0,28.020987
201801,29,24.1995091333063,0.0,24.66856
201826,29,20.475527039245,48.4081225142473,20.104757
201851,29,15.6893951092418,100.0,16.260527
201876,29,19.954939872616,100.0,21.519257
201901,29,31.6478962772008,100.0,32.300797
201926,29,38.9179268423163,0.0,38.77115
201951,29,43.6865379594877,0.0,44.236362
201976,29,41.7904582878397,0.0,42.719025
202001,24,39.2126398556842,0.0,39.69815
202026,24,36.7905509827673,0.0,36.452282
202051,24,34.8519620066058,0.0,34.152836
202076,24,31.841061865129,0.0,32.650543
202101,24,28.3948137548506,0.0,28.599262
202126,24,25.9765933467069,0.0,24.708496
202151,24,21.9959474673581,0.0,23.234896
202176,24,16.7628317424124,0.0,17.742397
202201,24,11.4116635164059,91.8333417765458,11.471848
202226,24,0.333787810098804,100.0,1.9636371
202251,24,25.6656884791617,100.0,25.621264
202276,24,34.0763309404576,0.0,35.129654
202301,24,39.7962219570891,0.0,40.495445
202326,24,38.1189804393585,0.0,39.088135
202351,24,35.8674053455331,0.0,36.195797
202376,24,33.1235537161508,0.0,33.381176
202401,38,30.1351707556169,0.0,30.146156
202426,38,27.6124783894851,100.0,26.897608
202451,38,24.0421715557225,100.0,21.196075
202476,38,32.9668783861112,100.0,34.328045
202501,38,39.6110865734412,52.4667168857967,39.672417
202526,38,44.5414109270517,0.0,44.519966
202551,38,46.1456081298695,0.0,45.492546
202576,38,43.411911081251,0.0,44.63329
202601,38,41.3878809209242,0.0,40.54647
202626,38,38.6549153710716,0.0,39.171005
202651,38,36.7370203158497,0.0,35.74282
202676,38,34.2185082402584,0.0,34.57386
202701,38,32.0431183917508,30.0480613286288,31.46434
202726,38,28.8353894362152,68.9420508300658,29.298084
202751,38,27.8221034408982,100.0,28.487488
202776,38,32.3112339588969,100.0,32.54084
202801,49,38.9329064341407,64.2090018793195,38.822132
202826,49,43.8630893432185,100.0,44.089256
202851,49,45.8514486284395,54.3816525442972,46.822254
202876,49,49.9606072446567,18.851814903291,49.54502
202901,49,50.0450627905433,0.0,49.916218
202926,49,48.5156754921722,0.0,48.06446
202951,49,47.4264052287979,0.0,46.43261
202976,49,45.1480158194547,0.0,45.447968
203001,49,43.0288871511369,31.4332062473421,42.728878
203026,49,41.3575757699237,69.321692986308,40.245926
203051,49,40.6827540981681,99.2104309684703,40.776115
203076,49,42.2629116691601,100.0,43.513237
203101,49,46.9300072492832,83.0650968936052,46.834225
203126,49,51.091663991492,0.0,50.942947
203151,49,53.0968759295894,0.0,53.938187
203176,49,51.4747237491965,0.0,51.433147
203201,26,49.3183031437918,0.0,49.28572
203226,26,47.8647085722873,0.0,47.046993
203251,26,45.8025889850236,0.0,45.8139
203276,26,44.2938120555064,0.0,43.593403
203301,26,41.731346365783,0.0,42.343822
203326,26,40.04017642785,0.0,39.010525
203351,26,37.7072340458796,0.0,38.12083
203376,26,35.461598685099,0.0,35.162636
203401,26,32.6005950710356,0.0,32.976925
203426,26,30.3931294498796,0.0,29.507599
203451,26,27.9454105665795,0.0,27.893976
203476,26,22.9287305106314,0.0,25.19551
203501,26,19.5665896926937,17.1927321125905,17.72235
203526,26,13.2836289087685,77.2982243947,16.29202
203551,26,7.21367772661478,100.0,9.397769
203576,26,23.7332261467953,100.0,24.554222
203601,29,33.0691960111096,2.90884246152324,33.843422
203626,29,39.8033855501823,0.0,39.77403
203651,29,37.4088363978774,0.0,39.284733
203676,29,35.1439371386477,0.0,34.803223
203701,29,32.5028143185782,0.0,32.637943
203726,29,29.1070922812749,0.0,29.61604
203751,29,26.1231143892568,0.0,25.475475
203776,29,22.3866228709501,13.7422072598698,22.849777
203801,29,18.3523869996954,80.5387610230005,18.634253
203826,29,12.0367831244862,100.0,13.641718
203851,29,25.2618626544936,100.0,26.18749
203876,29,34.2131579516982,29.2243623391406,34.612816
203901,29,40.3356178291439,0.0,40.382442
203926,29,39.7051784653797,0.0,39.644413
203951,29,36.9307878621306,0.0,38.038418
203976,29,34.5686126299183,0.0,33.9625
204001,46,31.9065869918977,0.0,31.965237
204026,46,29.1028378341164,100.0,28.99418
204051,46,25.1878830187206,100.0,22.93733
204076,46,34.7903359229502,100.0,34.87909
204101,46,40.3226063938602,100.0,41.221596
204126,46,45.164110920959,63.9497262670811,45.45985
204151,46,48.7127907575355,0.0,49.301723
204176,46,50.374096965708,0.0,50.330452
204201,46,48.3323463931715,0.0,48.741917
204226,46,46.73216242028,0.0,46.14524
204251,46,45.0287523876846,0.0,44.69246
204276,46,43.1868060407249,0.0,43.024635
204301,46,41.392437533476,12.7458837765482,41.157192
204326,46,38.9909612380756,44.8268388824116,38.877613
204351,46,36.4634760631589,87.7640669533951,36.688766
204376,46,37.4383391037328,100.0,37.30427
204401,35,41.5888735920869,100.0,41.875248
204426,35,46.5130356484751,0.0,46.463715
204451,35,49.8369107680482,0.0,50.505566
204476,35,48.3714021766903,0.0,48.46806
204501,35,46.5402810416355,0.0,46.303093
204526,35,44.4490058888291,0.0,44.468735
204551,35,42.0175715370972,0.0,42.19923
204576,35,40.0389484724875,0.0,39.42307
204601,35,37.8742135044913,0.0,37.85143
204626,35,35.120067837747,0.0,35.48978
204651,35,33.1256900254604,0.0,32.152836
204676,35,30.3898583539888,0.0,30.854523
204701,35,27.8072764293467,44.7535259587945,27.392807
204726,35,24.091802136651,90.9280232199945,24.374771
204751,35,25.1673269336498,100.0,26.126421
204776,35,33.3157983598636,100.0,33.342724
204801,41,40.2178975211169,0.0,39.910408
204826,41,44.2496012436435,0.0,45.28545
204851,41,42.2653029600184,0.0,43.155514
204876,41,40.1027610028759,0.0,40.09459
204901,41,38.1869013217261,0.0,37.742573
204926,41,36.5442645946682,12.705233472817,36.040085
204951,41,33.8579220532925,42.0739827836173,34.211056
204976,41,30.6224634997459,90.1028378282492,31.473944
205001,41,32.0829725063906,100.0,31.396336
205026,41,37.4940227847364,100.0,37.542854
205051,41,42.1992101248486,25.1697294538536,43.101242
205076,41,47.0303396758021,0.0,46.69369
205101,41,45.8702078971331,0.0,45.655643
205126,41,44.4406807733028,0.0,43.928143
205151,41,41.5077341623096,0.0,42.49899
205176,41,39.7405954631491,0.0,38.435593
205201,49,37.4591760611867,0.0,37.74901
205226,49,34.62374263173,100.0,34.96066
205251,49,32.374723206341,100.0,29.073742
205276,49,38.7377356762237,100.0,38.352108
205301,49,44.062625938849,100.0,44.19186
205326,49,47.852961176867,50.853628182797,48.714832
205351,49,51.5433253942539,0.0,51.634193
205376,49,51.7737770085798,0.0,52.013866
205401,49,50.2467894366242,0.0,49.87621
205426,49,48.5870663354782,0.0,48.110916
205451,49,47.3996049620822,0.0,46.480736
205476,49,45.0770927941312,0.0,45.406113
205501,49,42.7191707003929,32.7236415261574,42.615673
205526,49,41.0259610719732,74.880727590932,39.865223
205551,49,40.5153222406322,100.0,40.476887
205576,49,43.1930193228923,100.0,43.780468
205601,21,47.1531919807368,66.4641782456899,47.775356
205626,21,50.993339010182,0.0,51.07087
205651,21,52.5648771744946,0.0,52.648315
205676,21,50.8795521469976,0.0,50.852867
205701,21,49.1596896196115,0.0,48.69863
205726,21,46.8394591618921,0.0,47.026035
205751,21,45.514318090373,0.0,44.397724
205776,21,43.2904527182473,0.0,43.5565
205801,21,40.7266505582188,0.0,40.904205
205826,21,39.356226442166,0.0,37.994583
205851,21,36.9187106144135,0.0,37.579956
205876,21,34.7896890532482,0.0,34.26773
205901,21,31.8568590994903,0.0,32.4082
205926,21,28.9367529681262,0.0,28.688787
205951,21,25.6944249277683,0.0,25.7516
205976,21,21.7055766527157,0.0,22.173384
206001,24,16.9541631116475,0.0,17.441406
206026,24,10.3224811238525,87.892225534294,12.000882
206051,24,0.0,100.0,0.66351837
206076,24,25.1548921625534,100.0,24.86201
206101,24,34.2737834392923,0.0,34.757042
206126,24,40.1426290955237,0.0,40.777847
206151,24,37.4255026476376,0.0,39.446274
206176,24,35.7450247773938,0.0,34.516106
206201,24,32.6236928319467,0.0,33.795708
206226,24,29.9016377218903,0.0,29.285624
206251,24,27.0285453940655,0.0,26.91271
206276,24,23.6719675991252,0.0,23.868702
206301,24,19.3551131495795,0.0,20.023146
206326,24,13.2183299951397,44.9158563436829,14.768695
206351,24,5.03816629653803,100.0,7.6899776
206376,24,15.3764483752615,100.0,16.262169
206401,32,29.0475525281923,100.0,30.769623
206426,32,37.0497710626349,14.7646880449649,36.8338
206451,32,42.265412828007,0.0,42.64291
206476,32,40.2451531743798,0.0,41.1497
206501,32,37.8178375321498,0.0,38.020447
206526,32,35.4663938395442,0.0,35.18542
206551,32,33.1800140773965,0.0,32.882065
206576,32,30.0850303959541,0.0,30.634247
206601,32,27.5828018604329,0.0,26.746521
206626,32,23.1668022206725,40.878513999471,24.777933
206651,32,19.19752066359,100.0,18.66831
206676,32,21.4146719132772,100.0,21.88535
206701,32,32.2221113005171,100.0,33.016186
206726,32,38.4734263637,0.0,39.170147
206751,32,43.4168413205952,0.0,43.697495
206776,32,41.8994453267835,0.0,42.48349
206801,50,39.368463128232,0.0,40.021427
206826,50,37.4102894987042,100.0,36.653793
206851,50,34.706666544774,100.0,32.441257
206876,50,40.4548109284509,100.0,40.15104
206901,50,44.9038277080859,100.0,45.586246
206926,50,49.1320221942699,53.1485311380321,49.407753
206951,50,52.1142319371056,0.0,52.88042
206976,50,52.7848266811031,0.0,52.73448
207001,50,51.1166531826406,0.0,50.927727
207026,50,49.871462334075,0.0,48.93122
207051,50,48.3039152809157,0.0,47.79269
207076,50,46.4963601646106,0.0,46.221188
207101,50,44.2689395417212,24.6861846029084,44.430187
207126,50,42.4898494972124,64.5095705497688,41.445488
207151,50,40.5680791037533,96.3242874150905,41.03506
207176,50,43.5372768629104,100.0,42.81322
207201,23,46.6942826475255,77.6413794762062,47.884872
207226,23,50.5648921452844,0.0,50.649353
207251,23,53.0092114775463,0.0,53.163677
207276,23,50.9761104345625,0.0,51.413387
207301,23,49.1580620604307,0.0,48.735992
207326,23,48.0873383431574,0.0,47.008587
207351,23,45.7965901974264,0.0,46.09159
207376,23,44.3801515762331,0.0,43.37226
207401,23,42.4154323749773,0.0,42.442432
207426,23,39.7799710043794,0.0,40.264664
207451,23,37.7350259331482,0.0,36.970955
207476,23,34.9344236648731,0.0,35.462082
207501,23,33.2391723166825,0.0,31.921577
207526,23,29.2577201554803,0.0,31.250996
207551,23,26.6761260775321,0.0,25.075684
207576,23,23.1593836073544,0.0,23.787449
207601,41,18.7841701751334,0.0,19.35454
207626,41,13.3961584276796,100.0,14.146768
207651,41,4.34136622993937,100.0,3.4044225
207676,41,27.3628914924112,100.0,27.97725
207701,41,35.4074532407088,100.0,36.217197
207726,41,41.1336363685219,61.6605019792347,41.613476
207751,41,46.0076205276426,0.0,45.796383
207776,41,46.9069463456698,0.0,47.580902
207801,41,44.9334678877735,0.0,45.26679
207826,41,43.3348156659197,0.0,42.798496
207851,41,40.9940155202397,0.0,41.399666
207876,41,39.1516837765526,0.0,38.474728
207901,41,36.2445250694224,0.0,37.08375
207926,41,34.6552899037079,46.6746247144487,33.1443
207951,41,31.5678512441418,75.0933905563697,31.88764
207976,41,32.2781257366238,100.0,32.76831
208001,26,36.645919685352,100.0,36.802525
208026,26,43.0963160452307,0.0,42.32457
208051,26,46.3590756734103,0.0,47.7247
208076,26,45.4506279811178,0.0,45.086704
208101,26,43.080380623553,0.0,43.562225
208126,26,41.0921128860985,0.0,40.55411
208151,26,38.6601023843235,0.0,38.905987
208176,26,36.6840267437891,0.0,36.031647
208201,26,34.0198152670694,0.0,34.465515
208226,26,31.297390103043,0.0,31.126371
208251,26,28.0000604180038,0.0,28.322002
208276,26,24.5810299649317,0.0,24.450144
208301,26,20.0814789874652,0.0,20.882408
208326,26,15.3811017836207,67.2106794209435,15.332244
208351,26,8.34080069547768,100.0,9.098168
208376,26,21.7484045948004,100.0,22.89335
208401,30,32.0610770773308,37.4948317349279,33.017605
208426,30,38.3857625768782,0.0,38.837067
208451,30,38.938419896659,0.0,38.590836
208476,30,36.9637140986276,0.0,37.487446
208501,30,33.8726371364148,0.0,34.74928
208526,30,30.9635342082867,0.0,30.575512
208551,30,28.2683155566875,0.0,27.808918
208576,30,25.1348664542822,0.0,25.288424
208601,30,20.5748774478945,48.4025386089345,21.710852
208626,30,15.7378547575292,100.0,15.898962
208651,30,20.7358943774521,100.0,21.539639
208676,30,32.1295998348391,100.0,32.65135
208701,30,39.1299326831511,0.0,39.135357
208726,30,43.1828512219403,0.0,44.37124
208751,30,41.1236196943525,0.0,42.1243
208776,30,39.4447317297166,0.0,38.87094
208801,44,37.0718717901071,0.0,37.531765
208826,44,34.0376490952659,85.261643809221,34.483345
208851,44,32.4197852760854,100.0,29.095938
208876,44,37.4216115518416,100.0,37.200108
208901,44,43.0476146674689,79.0770228754728,43.007923
208926,44,46.7541091349444,0.0,47.6927
208951,44,49.2081487876991,0.0,49.455452
208976,44,47.6461218858845,0.0,47.72914
209001,44,46.067304734262,0.0,45.584507
209026,44,43.750320133333,0.0,44.051487
209051,44,41.8566242079889,0.0,41.280903
209076,44,39.497793706285,0.0,39.767193
209101,44,36.9190151804451,41.9564406256662,36.946632
209126,44,34.8806567235169,88.0626982153599,33.576332
209151,44,35.7999170595907,100.0,35.56227
209176,44,40.1736702426053,100.0,40.506306
209201,36,44.8711239693386,29.9431409462092,45.26181
209226,36,48.6125164893303,0.0,49.153824
209251,36,48.0129702895584,0.0,47.275597
209276,36,46.3212211030412,0.0,46.09606
209301,36,44.6694552447311,0.0,44.279346
209326,36,42.4686927334385,0.0,42.684807
209351,36,40.3698845696406,0.0,40.096035
209376,36,38.088108124232,0.0,38.07241
209401,36,35.823299999196,0.0,35.59552
209426,36,33.1236667696065,0.0,33.324154
209451,36,30.2273100577852,12.817483783208,30.18794
209476,36,26.8827472947948,64.5966265809395,26.969048
209501,36,23.6979510580839,100.0,23.821161
209526,36,28.4852604984823,100.0,28.760641
209551,36,36.3160805928239,95.7997316136915,36.2639
209576,36,42.137152571322,0.0,42.224567
209601,42,45.6557213289233,0.0,46.374805
209626,42,43.8602277969773,0.0,44.442707
209651,42,41.912445345482,0.0,41.861233
209676,42,40.5744112446736,0.0,39.772633
209701,42,37.7595839107081,0.0,38.766315
209726,42,34.8564827361222,37.2642812133672,34.761448
209751,42,33.0321261822318,89.1671902879409,31.42012
209776,42,32.6794504248622,100.0,33.239067
209801,42,38.5408093693195,100.0,37.84148
209826,42,43.3525883450705,23.3696803599337,43.990555
209851,42,47.9721210950495,0.0,47.72864
209876,42,46.3329287981295,0.0,46.56883
209901,42,44.4406022563775,0.0,44.29919
209926,42,42.5152140321817,0.0,42.37235
209951,42,39.977901497964,0.0,40.402466
209976,42,37.5125366218082,0.0,37.26334
210001,28,35.1781807847428,41.7285723026095,34.841225
210026,28,33.1933148701298,0.0,31.999636
210051,28,33.8163431535263,0.0,33.509132
210076,28,30.6469856622321,0.0,32.532486
210101,28,27.4209232364612,0.0,27.243998
210126,28,23.87403034039,0.0,23.932392
210151,28,20.1170147717989,35.2297771940757,20.047892
210176,28,15.143261527243,100.0,16.164879
210201,28,16.3305402014381,100.0,16.838564
210226,28,29.9182604147933,100.0,30.826202
210251,28,36.270180585829,0.0,37.52832
210276,28,42.4332159718793,0.0,41.85896
210301,28,40.0692370592438,0.0,41.710964
210326,28,37.8659519433524,0.0,37.51891
210351,28,36.109148979494,0.0,35.445107
210376,28,33.2972024408006,0.0,34.091534
210401,50,29.9329943184733,0.0,30.257366
210426,50,27.3655677887009,100.0,26.339293
210451,50,23.8087429049489,100.0,20.873043
210476,50,33.1944263072953,100.0,34.220093
210501,50,39.5075651982859,100.0,39.890038
210526,50,44.5234723726826,100.0,44.83076
210551,50,48.3569240722893,59.5421750227212,49.105225
210576,50,52.131028177682,0.0,52.0655
210601,50,52.4569210233894,0.0,53.213097
210626,50,50.8423231312553,0.0,50.55388
210651,50,49.3577160218425,0.0,48.673985
210676,50,47.9006141256944,0.0,47.256016
210701,50,45.6809707602192,0.0,45.84814
210726,50,44.489421888544,38.8623152755348,43.322502
210751,50,41.9813046869578,60.1714118730147,41.656998
210776,50,42.1118053482689,100.0,41.311802
210801,45,43.7525307140454,100.0,44.339607
210826,45,47.1247121197603,0.0,48.20785
210851,45,50.908253641554,0.0,50.847546
210876,45,49.8301094687396,0.0,49.57518
210901,45,48.2148527643427,0.0,47.77962
210926,45,46.041427312783,0.0,46.12715
210951,45,44.2435102801435,0.0,43.730095
210976,45,42.2187421765299,0.0,42.24116
211001,45,39.6170146754184,11.3996373491181,40.00944
211026,45,37.4656590868183,57.9120593405154,36.4665
211051,45,35.3435916711505,96.3802039597185,34.710144
211076,45,37.2343383025447,100.0,37.6806
211101,45,42.6446724110347,100.0,42.30387
211126,45,46.8225454130461,3.86405074608565,47.46414
211151,45,50.9196035113711,0.0,50.78914
211176,45,48.9707414055199,0.0,49.75039
211201,49,47.1419240467896,0.0,46.80586
211226,49,45.3592381873559,0.0,45.05267
211251,49,43.1624835435305,26.8235449516751,43.33153
211276,49,40.9794686243642,66.099099102219,40.4096
211301,49,40.3461620650125,100.0,39.46149
211326,49,42.6060368790514,100.0,43.020653
211351,49,46.1898105866137,76.0985424410489,47.243816
211376,49,50.1742944961325,12.0536292166157,50.234936
211401,49,52.4652856792602,0.0,52.585438
211426,49,50.1128468324907,0.0,50.759747
211451,49,49.0581926189187,0.0,47.67335
211476,49,47.9032706818625,0.0,47.03523
211501,49,45.3624081612254,0.0,45.89956
211526,49,43.4560218153445,26.8389691140749,42.698086
211551,49,41.4706309394994,60.9241824814965,40.75709
211576,49,40.2863381424555,96.4260865959083,40.233463
211601,28,41.9521605642444,100.0,42.439182
211626,28,46.309047620789,0.0,46.396416
211651,28,50.0197602594498,0.0,50.23749
211676,28,48.1311156508024,0.0,48.70284
211701,28,46.0105251600665,0.0,46.00178
211726,28,44.5073801564753,0.0,43.74867
211751,28,42.6297843725659,0.0,42.55174
211776,28,40.9102810517451,0.0,40.56245
211801,28,38.4886938115318,0.0,38.97236
211826,28,36.2785939644603,0.0,35.868347
211851,28,33.4488509610005,0.0,33.83553
211876,28,30.7033941299265,0.0,30.393757
211901,28,27.3888611206799,0.0,27.700394
211926,28,23.7385072611538,0.0,23.816645
211951,28,19.9520039903284,37.6680727757125,19.813522
211976,28,14.6645093650819,100.0,15.93934
212001,50,17.1324686679783,100.0,17.656584
212026,50,29.8445805657655,100.0,31.137272
212051,50,36.9016038467933,100.0,37.3997
212076,50,42.4460753233221,100.0,42.74989
212101,50,46.5791194201168,96.7361739470815,47.29904
212126,50,50.8270185083846,22.8757813246783,50.762375
212151,50,53.5432748863025,0.0,54.405067
212176,50,52.337969185184,0.0,51.757977
212201,50,50.6027419332142,0.0,50.18984
212226,50,49.2540035513634,0.0,48.42226
212251,50,47.8604491124189,0.0,47.177456
212276,50,45.418380512815,0.0,45.81948
212301,50,43.2300547817405,43.6216260262524,42.847706
212326,50,41.5392916610499,82.7487267290535,40.157593
212351,50,42.221356834579,100.0,42.021053
212376,50,45.0379017895828,100.0,45.75111
212401,49,48.5387009795104,50.4875908344126,49.423935
212426,49,52.3412709595806,0.0,52.255375
212451,49,52.4422347005243,0.0,52.73714
212476,49,50.9341994572297,0.0,50.5031
212501,49,49.4715906300038,0.0,48.78026
212526,49,48.0406872174126,0.0,47.369957
212551,49,46.6239859174977,0.0,45.988136
212576,49,44.101741462199,4.25473455499539,44.617268
212601,49,42.3642116909411,49.3454437665874,41.313965
212626,49,40.5554873922715,80.4153115810332,39.58325
212651,49,40.90978035242,100.0,41.265507
212676,49,43.9774804089221,100.0,44.482483
212701,49,47.7573201654699,51.6326418967503,48.49662
212726,49,50.9043642979398,0.0,51.536205
212751,49,52.29616657934,0.0,51.479195
212776,49,50.0987016636386,0.0,50.565594
212801,40,48.6275924690621,0.0,47.79547
212826,40,46.5991242169506,0.0,46.550514
212851,40,45.5114101586076,0.0,44.427357
212876,40,43.373125045762,0.0,43.592068
212901,40,41.274113089931,0.0,41.06834
212926,40,39.0505333339894,0.0,38.98544
212951,40,37.1605222593945,0.0,36.62236
212976,40,34.5752938280127,12.5532033058684,35.02785
213001,40,31.4423986859167,58.7708413882027,31.47579
213026,40,29.3751747044591,100.0,28.424868
213051,40,31.1739754437713,100.0,32.678196
213076,40,38.4590276281337,100.0,37.686844
213101,40,43.9100395506042,0.0,44.033497
213126,40,47.3053402559372,0.0,48.268772
213151,40,45.7236825956015,0.0,46.02394
213176,40,44.1954097658922,0.0,43.717968
213201,43,42.0283573689073,0.0,42.24529
213226,43,39.1382253625191,0.0,39.683083
213251,43,37.4438962016305,30.8682837925578,36.082848
213276,43,35.2987934502112,61.1635023682753,34.904705
213301,43,34.6850563407657,99.5202847840818,34.84404
213326,43,36.5139570630761,100.0,37.73985
213351,43,42.0430937678083,77.8369131974879,41.960365
213376,43,46.1841639196962,0.0,46.820744
213401,43,48.553571206109,0.0,48.9054
213426,43,47.4069475078957,0.0,47.081863
213451,43,45.5203949836796,0.0,45.419838
213476,43,43.226527771046,0.0,43.452225
213501,43,41.5911324919071,0.0,40.773693
213526,43,39.5120185828159,0.0,39.701603
213551,43,37.1168975277481,24.2300024291956,37.224564
213576,43,33.793160931781,67.050996764817,34.396366
213601,46,32.651374325643,100.0,31.775723
213626,46,35.9145598114348,100.0,36.35272
213651,46,41.1843237054778,100.0,41.637787
213676,46,45.6981224925951,48.0613815653152,46.18208
213701,46,50.3692755213708,0.0,49.76602
213726,46,49.801969310644,0.0,50.68448
213751,46,48.9485813196416,0.0,47.83535
213776,46,46.7918955051286,0.0,46.961697
213801,46,44.890547816625,0.0,44.5038
213826,46,42.7070151838509,0.0,42.814358
213851,46,40.9518777859758,20.8298980957776,40.352966
213876,46,38.6985636926271,52.2107258295755,38.373344
213901,46,36.6503423063427,92.5005909556928,37.08604
213926,46,38.099237630871,100.0,38.308586
213951,46,42.3552771728711,100.0,42.819275
213976,46,46.8851809655309,27.1945957384418,47.128777
214001,31,50.1198870980026,0.0,50.99319
214026,31,49.0249328498291,0.0,48.431183
214051,31,48.4598183008471,0.0,46.996452
214076,31,46.2722918730364,0.0,46.53478
214101,31,44.2267385185139,0.0,43.94997
214126,31,42.4221521301833,0.0,42.017826
214151,31,41.3872368656816,0.0,40.41998
214176,31,37.7652806749338,0.0,39.603172
214201,31,35.8064085560671,0.0,34.006664
214226,31,32.8391608014015,0.0,33.59537
214251,31,30.2802535293397,0.0,29.648426
214276,31,27.3274885980434,0.0,27.448824
214301,31,22.9908154672603,27.4211445464976,24.095545
214326,31,19.0238570573171,100.0,18.886772
214351,31,18.4847288629256,100.0,16.79463
214376,31,29.9961726011041,100.0,31.701181
214401,30,37.547386972868,0.0,37.42675
214426,30,42.5258512955102,0.0,43.128036
214451,30,41.014308420855,0.0,41.624752
214476,30,38.6031939506524,0.0,39.16385
214501,30,36.2990745243741,0.0,35.993862
214526,30,33.1152206482699,0.0,33.767628
214551,30,31.0454039483034,0.0,29.72313
214576,30,27.9498200364048,0.0,28.682451
214601,30,24.3840774998293,0.0,24.589497
214626,30,20.3423705138936,62.1339208111666,20.545246
214651,30,15.6111638124911,100.0,15.438252
214676,30,23.2970504388536,100.0,24.385405
214701,30,32.6932741518518,81.6343102942859,33.795933
214726,30,39.6804826169859,0.0,38.851273
214751,30,42.4327048861014,0.0,43.13343
214776,30,40.6803436414233,0.0,41.203667
214801,42,39.176855791277,0.0,38.711174
214826,42,36.797859918723,12.2150755991003,37.382286
214851,42,33.7746972110207,54.7462682677542,33.847755
214876,42,30.5170823884107,100.0,30.721691
214901,42,33.2207145478878,100.0,32.939693
214926,42,39.2680906507311,100.0,39.412403
214951,42,44.6142340364759,10.6701488251696,44.61073
214976,42,47.8873460100053,0.0,48.92852
215001,42,46.5583811799221,0.0,46.437447
215026,42,43.8680064743442,0.0,44.56786
215051,42,42.606172833428,0.0,41.04793
215076,42,41.24191225087,0.0,40.747967
215101,42,38.5462453272778,0.0,39.409073
215126,42,36.3640827084314,23.5448001344654,35.66822
215151,42,33.2140866874782,62.5590819042113,33.809044
215176,42,32.593383842901,100.0,31.352318
215201,24,35.1859911239488,100.0,36.04759
215226,24,40.92605218422,0.0,40.990887
215251,24,45.9342276636791,0.0,45.734116
215276,24,43.5294310046002,0.0,44.93409
215301,24,41.3518843930411,0.0,40.97508
215326,24,39.3983063827943,0.0,38.989986
215351,24,37.2583684980246,0.0,37.228012
215376,24,34.5835259860197,0.0,34.89117
215401,24,32.242725815103,0.0,31.685682
215426,24,28.9127259018841,0.0,29.636341
215451,24,24.95009299183,0.0,25.3411
215476,24,22.1036247932071,0.0,20.742916
215501,24,17.5550079431709,0.0,18.919855
215526,24,11.0088291846198,76.7518179635215,12.769882
215551,24,0.0,100.0,2.3413913
215576,24,22.7937314713015,100.0,22.93144
215601,23,32.8543372991961,0.0,33.617393
215626,23,39.1454955801215,0.0,39.77825
215651,23,37.1963294782488,0.0,38.543015
215676,23,34.792316344939,0.0,35.008278
215701,23,32.1146962525339,0.0,32.151745
215726,23,28.9760250863178,0.0,29.189663
215751,23,25.7270101918766,0.0,25.585318
215776,23,22.2185300724056,0.0,22.199991
215801,23,17.052765876329,0.0,18.412102
215826,23,11.007387243632,67.7970355266231,11.792383
215851,23,0.0,100.0,3.4086728
215876,23,21.2286770425076,100.0,21.151392
215901,23,32.1347049260951,0.0,33.036526
215926,23,38.4208732003657,0.0,39.30852
215951,23,36.0445677001833,0.0,37.8398
215976,23,33.6188266667404,0.0,33.442566
216001,45,31.1906062849202,0.0,30.946106
216026,45,28.1546879399729,100.0,28.491385
216051,45,24.2695105766926,100.0,21.68842
216076,45,33.8404461859996,100.0,34.43648
216101,45,39.4561516746977,100.0,40.43534
216126,45,44.8350570978169,60.7206937970853,44.738018
216151,45,48.4913740165439,0.0,49.019955
216176,45,49.9170558540719,0.0,49.858612
216201,45,48.0161060820097,0.0,48.26374
216226,45,45.8344980714859,0.0,45.888172
216251,45,44.8601854154366,0.0,43.51339
216276,45,42.588234537478,0.0,42.979218
216301,45,39.8248281657373,4.71963209251978,40.149696
216326,45,37.9279930523366,54.1211946656351,36.755405
216351,45,35.38744279341,88.0392969094128,34.920464
216376,45,36.9915472061107,100.0,37.113274
216401,31,41.7715665241286,100.0,41.574524
216426,31,46.5958284252767,0.0,46.657505
216451,31,49.7773513819325,0.0,50.56683
216476,31,48.4741743929992,0.0,48.389168
216501,31,46.9056258089428,0.0,46.428955
216526,31,44.996840313186,0.0,44.865707
216551,31,42.414902398187,0.0,42.91508
216576,31,40.4703183437894,0.0,39.68254
216601,31,38.091414774325,0.0,38.319168
216626,31,35.5279726042725,0.0,35.50734
216651,31,33.4240567439844,0.0,32.74449
216676,31,30.4240796019841,0.0,31.052645
216701,31,27.1521933959932,0.0,27.178469
216726,31,24.3881808316258,30.1663346950069,23.617813
216751,31,20.2505306097859,79.5821112481102,21.205965
216776,31,19.4227516647762,100.0,20.208275
216801,22,28.35079958141,100.0,29.019531
216826,22,36.1322781882231,0.0,36.12597
216851,22,41.8077657756838,0.0,41.98726
216876,22,39.7666738094159,0.0,41.032032
216901,22,37.0936115444672,0.0,37.517582
216926,22,35.5972330816787,0.0,34.22243
216951,22,32.1589727583748,0.0,33.817432
216976,22,29.3163145312835,0.0,28.517643
217001,22,26.2882447942717,0.0,26.207918
217026,22,21.8012703668641,0.0,22.975004
217051,22,17.7559540672698,0.0,17.074821
217076,22,11.2483267474512,37.0714358496909,13.4114065
217101,22,0.399680855004198,100.0,5.7372084
217126,22,11.9813012545599,100.0,11.448934
217151,22,28.5885064548879,100.0,30.042126
217176,22,35.78438699741,0.0,36.696507
217201,26,41.997797146142,0.0,41.608288
217226,26,39.4638605470412,0.0,41.29643
217251,26,37.3224929438531,0.0,36.747356
217276,26,35.0171060113582,0.0,34.954594
217301,26,32.3090318729975,0.0,32.4717
217326,26,29.4231056973712,0.0,29.357233
217351,26,25.7009846936941,0.0,26.275
217376,26,22.3467373930779,0.0,21.72791
217401,26,17.9183622649913,26.4335689616044,18.686916
217426,26,11.9476836268793,100.0,13.80414
217451,26,10.5535914351356,100.0,10.980231
217476,26,27.9548841091413,100.0,29.364136
217501,26,36.4809734042537,0.0,36.249126
217526,26,41.7924954300505,0.0,42.399235
217551,26,39.0627747922237,0.0,40.963135
217576,26,37.4930202796564,0.0,36.157803
217601,37,35.4589152409183,0.0,35.662365
217626,37,32.3395472009221,0.0,33.17353
217651,37,29.3639791944379,44.4135464435493,29.000502
217676,37,25.9406363056328,97.6127882746643,25.752966
217701,37,27.4076235829227,100.0,27.825163
217726,37,35.2675360152106,100.0,35.443447
217751,37,42.0025213729431,0.0,41.48547
217776,37,45.4709263678425,0.0,46.822453
217801,37,43.5446930352077,0.0,44.256073
217826,37,41.6781667702916,0.0,41.440697
217851,37,39.9191709472177,0.0,39.612293
217876,37,37.6968839955498,0.0,37.93679
217901,37,34.9840975985018,0.0,35.25646
217926,37,33.3064577514118,0.0,32.05448
217951,37,29.0113046471893,27.149744225481,31.335543
217976,37,25.9258961916405,100.0,24.91404
218001,29,24.1968108248982,100.0,22.97846
218026,29,34.1810734891827,47.0382173300793,34.376427
218051,29,40.1566283416156,0.0,40.488796
218076,29,40.4418591465432,0.0,40.92265
218101,29,38.596732291974,0.0,38.901253
218126,29,36.5073828029277,0.0,36.520645
218151,29,33.835324220663,0.0,34.180374
218176,29,30.5057563860626,0.0,30.932657
218201,29,27.2921191842171,0.0,26.950396
218226,29,23.9429816847656,0.0,23.814014
218251,29,20.4456483514193,51.4702242620157,20.303864
218276,29,15.2040272630055,100.0,16.259989
218301,29,21.3134179339148,100.0,21.956453
218326,29,31.8642319337423,98.5381520821766,32.90055
218351,29,38.7113176553621,0.0,38.821938
218376,29,43.1825337671059,0.0,43.83672
218401,24,41.5267644626256,0.0,42.18613
218426,24,39.69280089361,0.0,39.632854
218451,24,36.9582318322673,0.0,37.638145
218476,24,34.7748017327689,0.0,34.027744
218501,24,32.5702422550464,0.0,32.341904
218526,24,28.7933772995028,0.0,30.095493
218551,24,25.7146146256455,0.0,24.799492
218576,24,21.1610694138972,0.0,22.347898
218601,24,17.1977213212467,11.6720636358343,16.367767
218626,24,11.1983399050052,82.5235893761675,13.420222
218651,24,0.341330606054754,100.0,4.9352345
218676,24,23.9530398196594,100.0,23.971855
218701,24,33.845226710893,0.0,34.041054
218726,24,40.1894289525339,0.0,40.57577
218751,24,37.8164065460559,0.0,39.56299
218776,24,35.0070174418804,0.0,35.23513
218801,39,32.6715860340388,0.0,31.986614
218826,39,29.7793543788094,74.0354997621675,30.074528
218851,39,26.1260907953567,100.0,25.267765
218876,39,32.1081834568007,100.0,31.349026
218901,39,38.2789081299962,84.1731858643804,38.773445
218926,39,43.3224038564017,0.0,43.526073
218951,39,46.694824920437,0.0,46.541172
218976,39,45.3092910307961,0.0,45.42856
219001,39,43.2647693650324,0.0,43.34802
219026,39,40.365522401111,0.0,41.047264
219051,39,38.3124037368786,0.0,37.31377
219076,39,36.2461163624178,0.0,36.037502
219101,39,33.8820966913418,10.1708037144981,33.93824
219126,39,31.4488653062365,52.4341338462391,30.966381
219151,39,28.0476717839356,95.9401847225299,28.659058
219176,39,30.0435003875223,100.0,30.468992
219201,28,36.8828673002723,100.0,36.469738
219226,28,42.4007787478727,0.0,42.7177
219251,28,47.3641071828513,0.0,46.98372
219276,28,45.0271441689282,0.0,46.313908
219301,28,43.1118793853758,0.0,42.55162
219326,28,40.4210399451707,0.0,41.014065
219351,28,38.508550688121,0.0,37.56622
219376,28,36.174967955352,0.0,36.36812
219401,28,34.3131198064181,0.0,33.61453
219426,28,31.5544053600119,0.0,32.178642
219451,28,28.0221717206085,0.0,28.547382
219476,28,24.5963920234217,0.0,24.25112
219501,28,20.9306045789743,21.5953693362852,20.891563
219526,28,15.6138444647543,87.1293268935471,17.393326
219551,28,12.474701008996,100.0,12.441082
219576,28,26.8354818643122,100.0,27.459269
219601,32,35.2553913565431,0.0,35.32515
219626,32,40.6325699259006,0.0,41.415344
219651,32,37.951193931544,0.0,39.84818
219676,32,36.5329086724989,0.0,35.08071
219701,32,34.2318137837411,0.0,34.82219
219726,32,31.3209752829498,0.0,31.68264
219751,32,28.5337854584971,0.0,28.168282
219776,32,24.4706267885322,22.7512174339191,25.469868
219801,32,20.7196385559011,95.3883329292504,20.630146
219826,32,18.066294175076,100.0,17.05089
219851,32,30.0675707417859,100.0,30.81708
219876,32,37.4173403965849,0.0,37.52301
219901,32,42.5499705960197,0.0,42.98599
219926,32,40.3874520205454,0.0,41.671043
219951,32,38.5861830830141,0.0,38.030117
219976,32,35.2237416835112,0.0,36.55132
220001,46,33.0667541850984,0.0,31.684368
220026,46,30.7976008363091,100.0,30.641773
220051,46,27.6620500642725,100.0,25.074926
220076,46,35.3181979686289,100.0,36.089073
220101,46,40.8631548351627,100.0,41.51073
220126,46,45.9409076014844,52.7575547226046,45.92249
220151,46,49.4240275424667,0.0,50.042706
220176,46,50.6977756762754,0.0,50.163765
220201,46,48.3897276348632,0.0,48.99819
220226,46,45.9643634782962,0.0,45.974915
220251,46,44.8595852125966,0.0,43.414867
220276,46,42.8006487998478,0.0,42.957516
220301,46,40.6787891674692,18.115111831347,40.564938
220326,46,38.6018832606828,56.0508792338134,37.96767
220351,46,37.0136120980674,93.1880904661034,36.6371
220376,46,38.9063489531051,100.0,38.96833
220401,22,43.1665388883392,87.784310761223,43.58789
220426,22,46.4622805706308,0.0,47.687088
220451,22,50.1100700646344,0.0,49.495358
220476,22,48.545038209709,0.0,48.781055
220501,22,46.6890868632904,0.0,46.455307
220526,22,44.2980290733462,0.0,44.608788
220551,22,42.5311368302414,0.0,41.764275
220576,22,40.355724849501,0.0,40.557262
220601,22,38.3141445686853,0.0,37.98593
220626,22,36.2834566255009,0.0,36.05013
220651,22,33.467436417105,0.0,34.009495
220676,22,31.0295457490798,0.0,30.42546
220701,22,27.9303731021586,0.0,28.3196
220726,22,24.6989854591392,0.0,24.566477
220751,22,20.2250819461521,0.0,21.178345
220776,22,15.1222332572445,0.0,15.499856
220801,44,7.71380117804811,83.3678050878355,10.044483
220826,44,0.0,100.0,0.0
220851,44,23.8303555135357,100.0,24.172102
220876,44,33.440227783815,100.0,34.00391
220901,44,40.093445515278,100.0,40.107433
220926,44,44.5097086243167,30.5347301572709,45.347027
220951,44,48.2175958480643,0.0,48.783085
220976,44,48.0706091155051,0.0,46.98294
221001,44,46.0694840770288,0.0,46.22546
221026,44,44.5005920686853,0.0,43.91884
221051,44,42.1851666118867,0.0,42.53453
221076,44,39.5965172788691,0.0,39.701645
221101,44,37.9189457720497,39.4040387522025,36.829777
221126,44,35.5200600619256,69.4009886297013,35.247063
221151,44,36.1046727265732,100.0,35.670444
221176,44,38.7105908801032,100.0,39.69616
221201,24,44.0411341756445,55.3031608194303,43.90194
221226,24,47.638795520925,0.0,48.31937
221251,24,48.4222267013488,0.0,48.66754
221276,24,46.303205229067,0.0,46.717445
221301,24,44.6757129690946,0.0,44.045734
221326,24,43.1449957475542,0.0,42.69479
221351,24,41.6461816955388,0.0,41.226765
221376,24,39.0998149812904,0.0,39.778973
221401,24,36.619294559061,0.0,36.36798
221426,24,33.5723527405105,0.0,33.92481
221451,24,31.4311862490819,0.0,30.31383
221476,24,28.1258943739806,0.0,29.004839
221501,24,24.5226868989448,0.0,24.569723
221526,24,20.7673290678039,0.0,20.649933
221551,24,16.2327060379844,18.0873937582017,16.713835
221576,24,9.79559069904012,99.1513852745934,12.239292
221601,49,1.52109850501149,100.0,5.501694
221626,49,26.7237568646544,100.0,27.254652
221651,49,35.0318563356975,100.0,35.87907
221676,49,40.8200208022046,100.0,41.328003
221701,49,45.8712591794526,100.0,45.899845
221726,49,49.2275106966786,16.5051387395508,50.306232
221751,49,52.9855122475406,0.0,52.936996
221776,49,50.6197006464086,0.0,51.4043
221801,49,49.0838569404875,0.0,48.17265
221826,49,47.6009300268525,0.0,46.98229
221851,49,46.5630095451953,0.0,45.553486
221876,49,44.4687722351632,4.13683387109381,44.619423
221901,49,42.6436989261789,41.5770588079616,42.072563
221926,49,40.0642592281107,74.2109039193737,39.965233
221951,49,40.1826633882772,100.0,39.988106
221976,49,42.2085067250367,100.0,43.53127
222001,27,47.4099725259474,82.0466818276101,46.88634
222026,27,51.115525189964,0.0,51.418964
222051,27,52.457234112352,0.0,53.856216
222076,27,51.1426844714934,0.0,50.714333
222101,27,49.2494123351478,0.0,49.013622
222126,27,47.9503372667313,0.0,47.08497
222151,27,46.3258332103489,0.0,45.92188
222176,27,44.2730099850287,0.0,44.29468
222201,27,42.7837665337154,0.0,42.057716
222226,27,40.1744124425734,0.0,40.883343
222251,27,38.3543186626417,0.0,37.39391
222276,27,36.3936230287197,0.0,36.29941
222301,27,33.8442597904519,0.0,34.186718
222326,27,30.5089092296085,0.0,31.057295
222351,27,27.4528433553143,0.0,26.948126
222376,27,23.6016630438943,0.0,24.12481
222401,38,19.171664232355,20.8584785915771,19.486086
222426,38,14.5296658304564,100.0,15.17213
222451,38,10.204168910027,100.0,10.354468
222476,38,28.0810185971333,100.0,29.256746
222501,38,35.4291483293973,100.0,36.38832
222526,38,41.727503276592,6.26340541831539,41.576836
222551,38,45.8214786775558,0.0,46.4475
222576,38,44.7295104819034,0.0,44.690964
222601,38,42.5294095333523,0.0,42.83352
222626,38,40.059307654005,0.0,40.157986
222651,38,37.7174970184483,0.0,37.408882
222676,38,35.8784102524149,0.0,35.164658
222701,38,32.9395699103744,0.0,33.780964
222726,38,29.9843636930026,50.7178231044119,29.776608
222751,38,26.9789907679124,100.0,26.125778
222776,38,28.8388546222322,100.0,29.56747
222801,48,36.3362784709449,100.0,36.535378
222826,48,42.1363237299513,100.0,42.32511
222851,48,46.7077604651922,65.1815274492889,47.04481
222876,48,49.8597426312791,0.0,50.719334
222901,48,51.6359552425862,0.0,51.51953
222926,48,50.0735381196864,0.0,49.982548
222951,48,47.8448106088055,0.0,47.93726
222976,48,46.0143472254822,0.0,45.499317
223001,48,44.1075997203274,0.0,43.95872
223026,48,43.2159267773447,29.9490331167672,42.026913
223051,48,40.6157995306791,45.8968438442416,40.739536
223076,48,40.0918339196615,92.3853729106451,39.062096
223101,48,40.6636312987735,100.0,41.20374
223126,48,44.3068555529377,91.5663553482664,44.896
223151,48,48.6389767791168,26.4609806124512,48.690247
223176,48,51.1728730721084,0.0,52.05277
223201,48,50.0777745427328,0.0,49.38965
223226,48,48.6587355452189,0.0,48.016914
223251,48,46.6092463797414,0.0,46.589115
223276,48,45.4588838731461,0.0,44.41926
223301,48,42.9635248068544,5.86502924217224,43.531036
223326,48,41.7875400240518,50.4755505278249,40.100952
223351,48,39.1385627306711,71.5081268283128,39.27282
223376,48,39.8755042529331,100.0,39.59964
223401,48,42.5816296400592,100.0,43.17134
223426,48,46.9120606765086,57.3683491616941,47.245495
223451,48,50.4425165433524,0.0,50.81118
223476,48,51.0747346050146,0.0,51.46457
223501,48,49.6343957032882,0.0,49.26392
223526,48,48.0886620621886,0.0,47.53134
223551,48,45.4106727213198,0.0,46.01608
223576,48,44.8550497789907,6.79747735097236,42.617615
223601,31,41.6589410280336,16.7353288375283,42.83552
223626,31,40.9150074152959,0.0,38.232563
223651,31,37.8056434673019,0.0,39.05432
223676,31,36.089383447554,0.0,34.530426
223701,31,33.0535915334455,0.0,34.109768
223726,31,30.2037428303325,0.0,29.800406
223751,31,26.8729882804171,0.0,27.097404
223776,31,23.6343681146882,34.2177354763048,23.280352
223801,31,19.2690202147108,92.1177797337789,20.111134
223826,31,20.4637183555177,100.0,20.058151
223851,31,30.6914823167243,100.0,31.34976
223876,31,37.4873337129424,0.0,37.885067
223901,31,42.1631253753505,0.0,42.955368
223926,31,40.7064366843575,0.0,41.22806
223951,31,38.9412812834699,0.0,38.874737
223976,31,36.8338916602276,0.0,36.943985
224001,32,33.9157310160802,0.0,34.493137
224026,32,30.4402745070785,0.0,30.781965
224051,32,27.9858126094339,0.0,26.7468
224076,32,24.6933928624653,32.1835458649255,25.229961
224101,32,20.0909555617547,91.0449922178255,21.132177
224126,32,19.8743042341562,100.0,19.967781
224151,32,30.0810585642238,100.0,30.931278
224176,32,37.5454739418626,0.0,37.39186
224201,32,42.3641033883733,0.0,43.11239
224226,32,40.7975412081961,0.0,41.44417
224251,32,38.0732360982257,0.0,38.94374
224276,32,36.5272742960275,0.0,35.163506
224301,32,33.5515103069883,0.0,34.71041
224326,32,30.6083415648707,0.0,30.359842
224351,32,27.5424232000397,0.0,27.418097
224376,32,24.1179753444721,40.1133825144398,24.206001
224401,23,20.357198461925,100.0,20.256933
224426,23,21.9719219481074,7.70330362066383,22.616554
224451,23,32.6818822095252,0.0,29.728344
224476,23,29.5076945357888,0.0,32.421738
224501,23,25.8758938426624,0.0,26.088816
224526,23,22.3229186699821,0.0,21.989668
224551,23,18.1526175116522,0.0,18.475603
224576,23,12.190539889483,47.0755651652964,13.697091
224601,23,2.06152176630262,100.0,6.524146
224626,23,15.7176112625293,100.0,16.096712
224651,23,29.4619584077579,90.6873923606265,30.955704
224676,23,37.4152945458511,0.0,36.863274
224701,23,41.681897967027,0.0,42.097954
224726,23,38.9278181330798,0.0,40.700653
224751,23,37.3524863219481,0.0,35.998547
224776,23,35.1191440227311,0.0,35.515778
224801,50,32.3202034124933,0.0,32.642643
224826,50,28.7945330277287,100.0,29.282892
224851,50,25.7726142010333,100.0,22.29299
224876,50,34.7021965056099,100.0,35.144615
224901,50,40.4616265419494,100.0,41.105415
224926,50,45.2381440555921,100.0,45.592773
224951,50,49.0601533946666,45.6640925129449,49.725777
224976,50,52.2718522015325,0.0,52.833717
225001,50,52.7111966974231,0.0,52.281967
225026,50,50.9145285679403,0.0,50.81878
225051,50,49.7441256365459,0.0,48.71454
225076,50,47.1361523122413,0.0,47.681347
225101,50,45.574807329543,11.737336074038,44.426247
225126,50,43.8208262980468,39.653114841456,43.042038
225151,50,41.8749759429923,71.0159360452077,41.51442
225176,50,42.1075982965469,100.0,41.647686
225201,39,44.1727751826256,100.0,45.05404
225226,39,48.0431363764949,0.0,48.607025
225251,39,51.9716906801095,0.0,51.776363
225276,39,49.4950331136522,0.0,50.627895
225301,39,49.1185966238028,0.0,46.93234
225326,39,46.2758212880499,0.0,47.20398
225351,39,44.5411844054879,0.0,43.336113
225376,39,43.0420597757929,0.0,42.546333
225401,39,40.9352452552934,0.0,41.1321
225426,39,38.6881003972527,0.0,38.635853
225451,39,36.9720157260759,0.0,36.23411
225476,39,34.2632530396448,0.0,35.001354
225501,39,30.7495862213471,45.1336141019934,31.330257
225526,39,27.5955488550441,100.0,26.807121
225551,39,29.4548167277884,100.0,29.345957
225576,39,36.0293746206022,100.0,36.842735
225601,27,42.2722914468389,13.6440271529859,42.003994
225626,27,46.7166643839228,0.0,46.884247
225651,27,44.7623903045667,0.0,45.405453
225676,27,42.6341547887685,0.0,42.643658
225701,27,40.6265166034195,0.0,40.331486
225726,27,38.9270357433349,0.0,38.41751
225751,27,36.5621921075693,0.0,36.9907
225776,27,33.3077353648213,0.0,33.976147
225801,27,30.6641047650005,0.0,29.851036
225826,27,27.7988417183605,0.0,27.756664
225851,27,24.6739022711129,0.0,24.654041
225876,27,20.5316750793371,1.86125908751181,21.25332
225901,27,15.0869999235752,75.9090422854116,16.099861
225926,27,7.3198951406093,100.0,7.9482503
225951,27,23.4408956562788,100.0,24.33595
225976,27,33.2798896126318,23.9962639863148,33.7144
226001,36,39.3910927306696,0.0,39.678875
226026,36,37.960222784116,0.0,38.379814
226051,36,35.2952824938014,0.0,36.2146
226076,36,32.7615759538541,0.0,32.413853
226101,36,30.3679499550833,18.2467718979967,29.978588
226126,36,27.1024115789483,61.0404550185936,27.63192
226151,36,24.2389989625531,100.0,24.709541
226176,36,28.4878724541064,100.0,28.615755
226201,36,36.2283681881604,94.708689077987,36.2764
226226,36,41.8423247557593,0.0,42.111042
226251,36,46.0441753449383,0.0,45.97839
226276,36,43.724884420381,0.0,44.920895
226301,36,42.272903609202,0.0,41.253044
226326,36,39.9788219438417,0.0,40.3942
226351,36,37.2564639208695,0.0,37.493458
226376,36,35.6490081030875,0.0,34.340443
226401,44,32.2986894040559,0.0,33.76754
226426,44,29.6585577818888,100.0,28.74162
226451,44,26.5549834868489,100.0,23.645304
226476,44,34.9245381148138,100.0,35.53669
226501,44,40.5350996570466,100.0,41.245155
226526,44,45.3042851531461,22.4234997813622,45.644867
226551,44,49.0208920902583,0.0,49.53468
226576,44,47.4000803449854,0.0,47.489418
226601,44,46.3520040453838,0.0,45.33652
226626,44,44.7157969540575,0.0,44.413242
226651,44,42.8444683050093,0.0,42.732235
226676,44,40.6431313333063,0.0,40.78494
226701,44,38.202035253108,20.4732074642615,38.25177
226726,44,35.6243183780795,64.1156969313443,35.3383
226751,44,32.8322174701902,100.0,33.386875
226776,44,36.7196896172635,100.0,36.03992
226801,30,41.6620018542084,90.6722408835485,42.343273
226826,30,46.619557933848,0.0,46.474564
226851,30,49.4764928191836,0.0,50.051945
226876,30,47.4989113872908,0.0,48.049206
226901,30,46.653368588483,0.0,45.359604
226926,30,44.0238262967235,0.0,44.738255
226951,30,41.9509526779421,0.0,41.262615
226976,30,39.9903169347145,0.0,39.69365
227001,30,38.2078429917866,0.0,37.819263
227026,30,35.5108289483299,0.0,36.186928
227051,30,32.882592321273,0.0,32.601326
227076,30,29.9114237306569,0.0,30.011728
227101,30,26.5368747891778,0.0,26.687862
227126,30,23.1370884522655,22.1410348217264,22.899628
227151,30,19.3151844014332,82.9203625960918,19.744087
227176,30,16.6170022115345,100.0,16.459053
227201,21,27.4736403692427,100.0,28.1955
227226,21,35.4773361074677,0.0,35.683815
227251,21,41.0812345928337,0.0,41.512905
227276,21,39.0089341388316,0.0,40.316917
227301,21,36.455902345668,0.0,36.72289
227326,21,34.8057360687075,0.0,33.691467
227351,21,31.6696468722418,0.0,32.87563
227376,21,28.6307403297688,0.0,28.308186
227401,21,24.7044096077917,0.0,25.330603
227426,21,21.206773095518,0.0,20.528997
227451,21,16.597758597377,0.0,17.4005
227476,21,9.811960804278,38.7486632659572,11.768293
227501,21,0.247460983377077,100.0,3.9968083
227526,21,12.8311209654026,100.0,12.221586
227551,21,28.7210588997911,100.0,30.264372
227576,21,36.3153956599355,0.0,36.746483
227601,21,41.6177804310492,0.0,42.09927
227626,21,39.6686257488904,0.0,40.79237
227651,21,37.448728770385,0.0,37.505188
227676,21,35.6643508009433,0.0,35.008087
227701,21,32.8581863073011,0.0,33.616325
227726,21,29.5374199065085,0.0,29.819424
227751,21,26.529761508568,0.0,25.980719
227776,21,23.0510693365065,0.0,23.238157
227801,21,18.900419843196,0.0,19.280998
227826,21,12.3071363265389,0.0,14.463086
227851,21,2.24998848414248,100.0,7.6195006
227876,21,0.0,100.0,0.0
227901,21,27.2861010484034,100.0,27.302336
227926,21,34.8653385708832,0.0,36.532322
227951,21,40.999962487545,0.0,40.95889
227976,21,38.9181982454627,0.0,40.317276
228001,35,37.2884832548471,0.0,36.622334
228026,35,34.2625094065782,0.0,35.401707
228051,35,30.8987854200467,0.0,31.030605
228076,35,28.6849613161697,33.1655436451838,27.315153
228101,35,25.3074778900577,72.7472976092855,25.78559
228126,35,25.0324447892113,100.0,25.557793
228151,35,30.8146456616195,100.0,30.723251
228176,35,37.8374492813838,34.74029639477,37.68124
228201,35,43.1305641583452,0.0,43.207027
228226,35,42.2380334834391,0.0,42.818504
228251,35,40.0240981892843,0.0,40.450897
228276,35,37.9210486848033,0.0,37.614697
228301,35,36.1383057623977,0.0,35.595203
228326,35,33.0770045695383,0.0,34.09654
228351,35,30.4700116112646,0.0,29.800016
228376,35,27.3863691443958,40.8508013899815,27.59516
228401,26,24.4166569624071,95.9815672829466,23.802843
228426,26,25.106171629886,0.0,26.238705
228451,26,33.3248139349573,0.0,31.74854
228476,26,30.6531137989361,0.0,33.168556
228501,26,27.6748227448196,0.0,27.719112
228526,26,24.1694693383643,0.0,24.422281
228551,26,20.133627277789,0.0,20.38541
228576,26,15.1272862948136,64.7452549887472,15.812562
228601,26,7.39822286905123,100.0,8.927829
228626,26,21.4975058423998,100.0,22.122578
228651,26,32.1831664753315,40.4490650278507,32.947792
228676,26,37.9919368273648,0.0,39.00439
228701,26,38.6727497063741,0.0,38.432644
228726,26,36.9727278733366,0.0,37.250072
228751,26,34.7416005946645,0.0,35.017212
228776,26,31.5459521849158,0.0,32.263428
228801,34,28.5831086928707,0.0,28.127136
228826,34,24.6814479541834,56.6725118087495,25.35417
228851,34,21.2385021584779,100.0,20.140226
228876,34,25.7197037235307,100.0,25.840485
228901,34,34.7472922445971,100.0,34.979797
228926,34,40.1271625320879,0.0,41.148975
228951,34,44.9898621447186,0.0,44.982098
228976,34,43.2963979111863,0.0,43.996773
229001,34,41.3105730776313,0.0,41.346012
229026,34,38.6453051780895,0.0,39.12893
229051,34,36.6169507533286,0.0,35.79691
229076,34,33.8556221476688,0.0,34.34851
229101,34,31.4246051814439,0.0,30.869036
229126,34,27.8167541050251,5.86708951366303,28.725069
229151,34,25.0816763522051,70.3634861209607,23.886038
229176,34,21.4360002412655,100.0,21.268335
229201,49,27.3130688590652,100.0,28.678843
229226,49,35.9588080465196,100.0,35.69674
229251,49,41.3493336948955,100.0,42.10806
229276,49,45.7829956312939,96.7404071133878,46.330826
229301,49,50.0356312241736,17.5066981927491,50.085953
229326,49,52.5155837225386,0.0,53.606236
229351,49,51.0216101879818,0.0,50.78291
229376,49,49.2518837226891,0.0,48.867256
229401,49,48.339383352647,0.0,47.107334
229426,49,46.5136666403446,0.0,46.361595
229451,49,44.2448885802822,4.43902088182058,44.443848
229476,49,42.7711205748863,44.9992778046647,41.676586
229501,49,41.0023372782123,71.3540673007328,40.12991
229526,49,40.7226269856003,100.0,41.140392
229551,49,43.0133852879207,100.0,43.769096
229576,49,47.0186900095764,67.0765260156595,47.59941
229601,42,50.3368354137577,0.0,50.960533
229626,42,52.0149632804665,0.0,52.131634
229651,42,50.6314571328307,0.0,50.33548
229676,42,49.0117153691727,0.0,48.506958
229701,42,47.3340105451537,0.0,46.898792
229726,42,45.6491783069968,0.0,45.26328
229751,42,44.0252456550172,0.0,43.62907
229776,42,41.4266215877856,0.0,42.064888
229801,42,39.7281997018766,0.0,38.6687
229826,42,37.7049059331032,0.588441269857888,37.799988
229851,42,34.3358922793843,36.7601617968839,35.44485
229876,42,31.7288152731376,96.9913850659011,30.619051
229901,42,32.1836912491784,100.0,31.287443
229926,42,38.8153166713293,100.0,38.098907
229951,42,43.5669021322968,16.9869597017028,44.275494
229976,42,47.310296110871,0.0,47.922993
230001,47,45.5071730728312,0.0,45.87705
230026,47,44.000092395651,0.0,43.471493
230051,47,42.257089128566,13.6789188634623,42.0594
230076,47,40.5388435746132,44.8421595452458,39.710766
230101,47,38.274934971087,75.5669565199769,38.71707
230126,47,37.9116921327629,100.0,38.718098
230151,47,41.4965052493488,100.0,41.551727
230176,47,45.5938114442706,58.5058599143082,46.3512
230201,47,49.7289049330345,0.0,49.585644
230226,47,50.4989301700887,0.0,50.85726
230251,47,49.4305846992391,0.0,48.728195
230276,47,46.5738887114282,0.0,47.393963
230301,47,45.1109071308853,0.0,43.624023
230326,47,42.9408745586679,0.0,43.14321
230351,47,41.3547420605049,32.689091125403,40.601875
230376,47,39.5910568727948,61.0507586226666,38.69244
230401,23,38.3869366369722,92.5899118222884,39.022446
230426,23,40.4502563245974,0.0,40.6053
230451,23,44.3650481485714,0.0,43.98662
230476,23,43.1113736048958,0.0,43.250084
230501,23,40.3825052034124,0.0,41.238968
230526,23,38.7098183710068,0.0,37.491463
230551,23,36.1255757955844,0.0,36.796337
230576,23,33.4901586756483,0.0,33.328445
230601,23,30.743341238513,0.0,30.618578
230626,23,28.4248121117107,0.0,27.73946
230651,23,24.3454832177061,0.0,25.801416
230676,23,19.9651897456055,0.0,20.022331
230701,23,15.1326506248042,14.0773444443076,15.323911
230726,23,7.94796362476935,100.0,10.930737
230751,23,0.0,100.0,2.53491
230776,23,26.9380028934062,100.0,27.10738
230801,49,35.3349745657957,0.0,36.21429
230826,49,40.6402311859765,100.0,41.473164
230851,49,38.4326717992322,100.0,39.353786
230876,49,43.2927960179568,100.0,43.37977
230901,49,47.7897333111164,62.0289558883841,48.000767
230926,49,51.2354770561315,0.0,51.643635
230951,49,52.5270440919842,0.0,52.54721
230976,49,50.9651871194869,0.0,50.77457
231001,49,49.1625164260488,0.0,48.8016
231026,49,48.1890227918402,0.0,47.015392
231051,49,45.8107960985793,0.0,46.205944
231076,49,43.970185771866,17.0193238673005,43.304184
231101,49,41.7558962079207,49.9277360594792,41.264072
231126,49,39.3636957685135,89.5199946529724,39.810574
231151,49,40.8277259543596,100.0,40.55682
231176,49,44.4378395112605,100.0,44.91758
231201,50,48.9022654712851,41.6391945403427,48.94032
231226,50,51.9360065471329,0.0,52.801056
231251,50,51.7587406228396,0.0,51.63623
231276,50,49.6709023678686,0.0,49.795387
231301,50,48.7857540090915,0.0,47.44612
231326,50,46.4512517253739,0.0,46.798706
231351,50,44.784671270162,23.5327049392495,43.992207
231376,50,43.2428985084232,53.331179006478,42.06898
231401,50,42.040395991224,80.9026361833969,41.998646
231426,50,42.2748579732362,100.0,42.913757
231451,50,45.3945307710149,98.2409817995527,45.696953
231476,50,49.5879753916335,42.4950039358772,49.694904
231501,50,52.8229066050194,0.0,53.29208
231526,50,52.1671319482787,0.0,52.532883
231551,50,50.4375712238306,0.0,50.11349
231576,50,49.2954967515734,0.0,48.26308
231601,35,47.0102073866305,0.0,47.251087
231626,35,45.8174864424069,0.0,44.603107
231651,35,44.5637237109763,0.0,43.87177
231676,35,42.0508760454186,0.0,42.64667
231701,35,39.9381947977547,0.0,39.37999
231726,35,37.4651930899149,0.0,37.62336
231751,35,35.4339488255172,0.0,34.786224
231776,35,32.4074904546671,0.0,33.15101
231801,35,29.3640472569797,6.40281680646025,29.156666
231826,35,26.943038909734,60.8104628438273,25.899445
231851,35,22.9250135811656,100.0,23.827507
231876,35,27.6094889897417,100.0,27.541782
231901,35,35.6089856972337,92.2338108560498,35.855682
231926,35,41.2802088277368,0.0,41.531437
231951,35,45.3026964462636,0.0,45.25094
231976,35,43.0124441659103,0.0,44.175274
232001,32,41.4573133840574,0.0,40.560883
232026,32,38.6515897806296,0.0,39.58599
232051,32,36.8187823588802,0.0,35.67089
232076,32,33.9780220977879,0.0,34.736618
232101,32,31.3792029259694,0.0,30.917812
232126,32,28.7216984579864,0.0,28.521105
232151,32,25.0638818124328,18.6337343378553,25.781849
232176,32,21.4663322645738,84.0249190815026,21.466084
232201,32,18.0186384644965,100.0,17.585545
232226,32,28.2355977097662,100.0,29.02397
232251,32,36.07457374616,27.4044862410645,36.04967
232276,32,41.4976846899917,0.0,41.786293
232301,32,40.5165114224284,0.0,40.53317
232326,32,38.332030910204,0.0,38.767895
232351,32,36.4662130471303,0.0,35.933548
232376,32,34.0443065180301,0.0,34.34943
232401,34,31.3020221027909,0.0,31.379427
232426,34,27.8863183516002,8.26883004105045,28.30797
232451,34,23.5498547686872,69.3308815865875,24.149836
232476,34,19.962411337577,100.0,19.207993
232501,34,26.8108142220332,100.0,27.8583
232526,34,35.8244388929991,88.6275077326604,35.445904
232551,34,41.5660280356662,0.0,41.65737
232576,34,45.1691320189837,0.0,45.202286
232601,34,42.9919156388871,0.0,43.983456
232626,34,41.0057851119932,0.0,40.64665
232651,34,38.2138107454952,0.0,38.820816
232676,34,36.5891856282661,0.0,35.241722
232701,34,34.7012243336393,0.0,34.700645
232726,34,30.7718052843161,0.0,32.54601
232751,34,27.8763259682945,17.7380503271417,26.653866
232776,34,25.0038512194511,69.5023374290951,24.777567
232801,33,21.3427443651705,100.0,22.441877
232826,33,27.9120280495858,100.0,28.511992
232851,33,36.0808920426344,51.0521558030604,35.9633
232876,33,41.4825280403644,0.0,41.75496
232901,33,42.2977899814385,0.0,42.46517
232926,33,40.5173384700144,0.0,40.785053
232951,33,38.3938723313524,0.0,38.520584
232976,33,35.443125826287,0.0,36.053493
233001,33,33.2108926671969,0.0,32.293858
233026,33,29.964174263892,0.0,30.716444
233051,33,27.3230365458657,14.2963184777584,26.481491
233076,33,23.2976902928387,61.5137969675219,24.35529
233101,33,19.0510446128357,100.0,20.1546
233126,33,26.1932101467964,100.0,25.855999
233151,33,34.3159551197396,81.7784385085456,35.153305
233176,33,40.4571967043733,0.0,40.1363
233201,44,44.0343023994437,0.0,43.790565
233226,44,41.5435308439307,0.0,42.87921
233251,44,39.618568072319,4.01174948434011,38.8884
233276,44,37.1410361884252,38.426237870589,37.34013
233301,44,34.4371005635576,82.7224276138006,34.219044
233326,44,34.7171035490209,100.0,34.74556
233351,44,39.3361341921794,100.0,39.123035
233376,44,43.6731140091131,43.5455212438856,44.566383
233401,44,48.3361953950238,0.0,47.912045
233426,44,48.2089563520572,0.0,48.420486
233451,44,46.7575226222505,0.0,46.36277
233476,44,44.264172667384,0.0,44.741093
233501,44,42.6940129186282,0.0,41.633686
233526,44,40.9166372970295,0.0,40.783016
233551,44,38.8809646187726,15.2816303152506,38.926445
233576,44,36.2846295693671,51.6765330498526,36.202625
233601,34,33.5465621181923,98.0980645887098,33.891727
233626,34,34.8635799655294,0.0,35.224106
233651,34,40.4273642457208,0.0,39.653484
233676,34,38.9184669478582,0.0,39.67693
233701,34,36.6030062425736,0.0,37.130596
233726,34,33.1328147805078,0.0,34.06389
233751,34,30.955879136351,0.0,29.471098
233776,34,28.2233638375308,14.5858895417184,28.491095
233801,34,24.5394830456401,63.4367618024619,25.174192
233826,34,21.3327634623829,100.0,21.556019
233851,34,26.5241028338882,100.0,27.376081
233876,34,34.2746881865236,93.8766973192353,35.34164
233901,34,40.5197662516576,0.0,40.480392
233926,34,44.8582298638431,0.0,44.85682
233951,34,42.7632249409963,0.0,43.79125
233976,34,40.9043401892986,0.0,40.493153
234001,21,38.3474919082813,0.0,38.838264
234026,21,35.9735228389019,0.0,35.598293
234051,21,33.6594255043621,0.0,33.37302
234076,21,31.0267867518936,0.0,31.092304
234101,21,27.9697595196366,0.0,28.133312
234126,21,24.3179133381453,0.0,24.645964
234151,21,20.4333021324379,0.0,20.397293
234176,21,16.413014945428,0.0,16.255074
234201,21,8.83195827605025,42.0243213915659,12.0951185
234226,21,0.0,100.0,2.3361416
234251,21,14.2686634630326,100.0,13.665582
234276,21,29.0926607313418,80.4434228398786,30.640022
234301,21,36.8974266592974,0.0,36.325256
234326,21,40.1345561394036,0.0,40.5989
234351,21,38.6017705371188,0.0,39.047318
234376,21,35.5763121772691,0.0,36.804245
234401,42,33.4612755234931,0.0,32.357964
234426,42,30.5363209224696,100.0,31.079756
234451,42,27.8345925736111,100.0,24.49218
234476,42,35.2648929627853,100.0,36.162514
234501,42,41.5252190294438,80.4298861128445,41.449852
234526,42,45.8554029634502,0.0,46.40053
234551,42,48.5085543718847,0.0,48.73379
234576,42,46.4310551416183,0.0,47.080368
234601,42,44.8864465071764,0.0,44.21343
234626,42,42.1815633876255,0.0,42.912453
234651,42,40.6379998392578,0.0,39.331028
234676,42,37.7390134146915,0.0,38.793015
234701,42,36.2838656152656,36.1831256418083,34.661377
234726,42,33.6787040618955,62.2039165274879,33.74433
234751,42,34.0858033839849,100.0,33.503654
234776,42,35.3521214367138,100.0,37.45092
234801,46,41.474396164139,78.9104849214744,41.010464
234826,46,46.7674100694741,40.9904633030693,46.354424
234851,46,48.6398492375307,0.0,49.453777
234876,46,48.083769775919,0.0,48.493015
234901,46,47.2983479317122,0.0,46.17174
234926,46,44.9527163124233,0.0,45.37318
234951,46,42.776493448335,0.0,42.468273
234976,46,40.7375552347266,17.7126125565388,40.430023
235001,46,38.8008820826576,54.1662164239511,38.081184
235026,46,36.8942282927724,88.7966289184956,36.946846
235051,46,38.4791659349,100.0,38.620136
235076,46,41.9794453545019,94.5856623125029,42.88607
235101,46,46.7505774848158,32.035860449257,46.71407
235126,46,49.9543714245169,0.0,50.510853
235151,46,49.4818063660761,0.0,48.732544
235176,46,47.9414398371555,0.0,47.54041
235201,31,45.9253583223812,0.0,45.874245
235226,31,44.0898557443131,0.0,43.760033
235251,31,42.8700549530027,0.0,42.06248
235276,31,39.224310292393,0.0,41.01054
235301,31,38.3613307518677,0.0,35.4578
235326,31,35.2591842973011,0.0,36.698067
235351,31,32.4985095309395,0.0,31.96543
235376,31,29.6540636548974,0.0,29.49903
235401,31,26.5115092517368,0.0,26.547348
235426,31,22.6863702463475,40.2449760865807,23.092613
235451,31,18.0015517249821,100.0,18.564878
235476,31,20.073071621754,100.0,20.538202
235501,31,31.5297779315329,100.0,32.3944
235526,31,37.9436710310177,0.0,38.657333
235551,31,43.1244464442435,0.0,43.277794
235576,31,41.0567257015592,0.0,42.23524
235601,38,38.9767887733326,0.0,38.795383
235626,38,37.3839633085642,0.0,36.683235
235651,38,34.7704527666829,0.0,35.531895
235676,38,32.3375395327928,17.7571510285459,31.932264
235701,38,28.9044011883154,61.253072594199,29.523409
235726,38,25.9073188781301,100.0,26.25379
235751,38,29.4897821112639,100.0,29.983427
235776,38,37.7506629757541,100.0,36.799908
235801,38,42.1281412101106,0.0,43.533165
235826,38,47.2576535208952,0.0,46.572197
235851,38,44.5411925076359,0.0,46.23537
235876,38,42.915421927294,0.0,41.703236
235901,38,40.9124905320975,0.0,40.98819
235926,38,38.4323877371887,0.0,38.710762
235951,38,36.4419599900014,0.0,35.75635
235976,38,34.0956196536635,0.0,34.20751
236001,33,31.4660741184472,29.8485183487926,31.502455
236026,33,28.1239280095446,0.0,28.413866
236051,33,27.2850732467113,47.2303001028186,27.387503
236076,33,23.6279679648495,62.2362999478222,24.718126
236101,33,26.1387219951859,100.0,25.240063
236126,33,30.2358194817462,82.7628206393873,31.169634
236151,33,37.4289231696844,9.54334422362948,36.499104
236176,33,40.5785970311333,0.0,41.282032
236201,33,39.4580715177019,0.0,39.330513
236226,33,37.3143787059036,0.0,37.719456
236251,33,34.1427306435457,0.0,34.94419
236276,33,31.9044712435205,0.0,30.77237
236301,33,28.5832477552181,0.0,29.391342
236326,33,25.8823127203136,39.0358656471258,25.016617
236351,33,21.7452686390669,87.3254698056988,22.56737
236376,33,23.0003942233572,100.0,23.398838
236401,37,31.6892052109494,100.0,31.787268
236426,37,38.387946976356,55.0940117230249,38.589268
236451,37,42.7151646316507,0.0,43.50285
236476,37,44.7645492071069,0.0,43.96323
236501,37,42.3737921602157,0.0,43.360306
236526,37,40.1637705627858,0.0,39.821167
236551,37,37.6743952118415,0.0,37.75945
236576,37,35.9413945768119,0.0,34.982075
236601,37,32.7153419902363,0.0,33.944542
236626,37,31.1822419841956,36.7101535041627,29.27951
236651,37,27.1144503926991,64.1243957701086,28.65116
236676,37,27.3326870817349,100.0,27.605572
236701,37,31.3763631250193,100.0,32.003017
236726,37,38.7790805480084,60.7141647627087,38.02825
236751,37,42.7890001510535,0.0,43.990253
236776,37,45.0337769610642,0.0,44.602055
236801,43,42.4233085881466,0.0,43.650387
236826,43,40.8429775072695,0.0,39.664146
236851,43,38.2577086571733,0.0,38.98539
236876,43,36.0499232960902,44.9430706730189,35.480835
236901,43,33.6871125666713,84.4183902427627,32.872334
236926,43,34.1115990607904,100.0,34.76995
236951,43,38.7980018188729,100.0,38.73984
236976,43,44.1688146463285,35.3556552343645,44.11917
237001,43,47.8667712881392,0.0,48.58314
237026,43,47.7259104842456,0.0,47.283627
237051,43,45.7737236260563,0.0,45.892345
237076,43,44.2821238199315,0.0,43.65889
237101,43,42.4444735612592,0.0,42.33527
237126,43,39.6515937655361,0.0,40.41249
237151,43,36.9958948884262,20.0740334629856,36.69296
237176,43,35.3583115761716,67.5525280169915,33.974857
237201,40,33.4970337624072,96.838454380818,33.50974
237226,40,36.6693507704518,76.5017723738742,36.84745
237251,40,41.6770384000529,19.81190408315,41.60459
237276,40,44.6482030474446,0.0,44.54086
237301,40,42.7333222546678,0.0,43.17167
237326,40,41.1808860479679,0.0,40.632347
237351,40,38.67979136348,0.0,39.31823
237376,40,36.3675544271956,0.0,35.98642
237401,40,33.8934479260427,25.193366556449,33.829136
237426,40,31.1971510871695,69.4265655927656,31.112793
237451,40,29.575756549058,100.0,29.7343
237476,40,33.5730964551036,100.0,33.926712
237501,40,39.3941050045374,75.2124455343431,39.808525
237526,40,44.212169764276,0.0,44.52331
237551,40,47.556771353608,0.0,46.957954
237576,40,44.9947466324765,0.0,46.26021
237601,47,43.5361560789664,0.0,42.306828
237626,47,41.4830271620691,22.2248628409282,41.617558
237651,47,39.8161859922665,58.9326909232917,38.81438
237676,47,37.2435221640341,88.7404555121148,38.38623
237701,47,39.3709961469531,100.0,39.14717
237726,47,43.5137001530108,96.7380760336535,43.685307
237751,47,47.0663915220082,22.7051891569359,48.098907
237776,47,50.6055329504911,0.0,50.812393
237801,47,48.6593881432201,0.0,49.005325
237826,47,47.9077439173601,0.0,46.504337
237851,47,45.3538625387846,0.0,45.969353
237876,47,44.5021255855854,0.0,42.67718
237901,47,42.2609587982923,5.03448122793942,42.65207
237926,47,40.042281014455,45.101213800363,39.664803
237951,47,38.2746315526134,84.7712277808813,37.144943
237976,47,38.2275897032597,100.0,39.17277
238001,39,42.2568465485023,100.0,42.24495
238026,39,46.7046610852991,0.0,47.03112
238051,39,50.6986901962684,0.0,50.61219
238076,39,48.050813395943,0.0,49.403244
238101,39,46.7596565716259,0.0,45.312412
238126,39,45.2011710128981,0.0,44.76907
238151,39,43.3130408270514,0.0,43.215256
238176,39,41.0881724479548,0.0,41.24226
238201,39,39.1800703852562,0.0,38.67906
238226,39,35.6528936500203,0.0,37.050453
238251,39,33.8326245524956,20.1661330079485,31.962559
238276,39,31.3842495349902,52.7113171938906,31.53211
238301,39,29.2345606375626,96.4881768825401,29.613731
238326,39,31.1955397027382,100.0,31.73465
238351,39,38.727319173671,99.9022543831139,37.353962
238376,39,43.0702204337924,0.0,44.26839
238401,48,47.2218470756332,0.0,47.368946
238426,48,44.8083866605867,0.0,46.055363
238451,48,43.6389207046193,17.4588718972495,42.258595
238476,48,41.1744461370635,38.3705841305479,41.114525
238501,48,40.3504912733924,82.4333264646496,39.091953
238526,48,39.25925969153,97.1775767682327,40.700455
238551,48,42.9314093634138,100.0,42.778618
238576,48,47.5798895890484,51.0822239699553,47.44004
238601,48,50.8172547455114,0.0,51.479485
238626,48,51.0727492408761,0.0,51.354446
238651,48,49.575242303475,0.0,49.200783
238676,48,47.4563997697169,0.0,47.464767
238701,48,46.0321182528769,0.0,45.20989
238726,48,43.8892544340125,0.0,44.042366
238751,48,41.9179802839009,33.9620017716725,41.585293
238776,48,40.1163623634305,69.208197733862,39.1332
238801,44,39.1877869770463,100.0,39.76352
238826,44,41.8155392492582,46.5432573028104,42.178345
238851,44,46.726923605269,0.0,46.003666
238876,44,46.4879275893881,0.0,47.138382
238901,44,44.8418237781138,0.0,44.676445
238926,44,42.8612519204636,0.0,42.852783
238951,44,40.8371212747202,0.0,40.699978
238976,44,38.3178152390306,17.0662969839264,38.61466
239001,44,36.050758748494,62.1063330440784,35.310555
239026,44,34.1083602481415,100.0,33.643723
239051,44,36.8110246825234,100.0,37.128563
239076,44,41.7287589783152,89.0955522538561,42.317917
239101,44,46.3743805469262,1.20796378101079,46.509502
239126,44,49.4470628739863,0.0,49.673668
239151,44,47.3857131083646,0.0,48.081646
239176,44,46.3552093791589,0.0,45.188194
239201,39,43.9083865695633,0.0,44.419197
239226,39,41.6386519599947,0.0,41.318203
239251,39,40.0897323476995,0.0,39.19275
239276,39,37.7871229535977,0.0,38.260044
239301,39,35.4540974085285,0.0,35.271908
239326,39,33.0708684619097,23.9485122594155,32.886997
239351,39,29.7861015468532,66.5570714160723,30.365568
239376,39,28.2208841638314,100.0,28.080965
239401,39,32.3798893168963,100.0,32.62174
239426,39,39.1454769371856,78.9693054812463,38.852165
239451,39,43.9862051216789,0.0,44.343
239476,39,46.2105050399321,0.0,46.91371
239501,39,44.7673266791399,0.0,44.788353
239526,39,42.8882928894025,0.0,42.81339
239551,39,41.1012917108256,0.0,40.822025
239576,39,39.0634701756401,0.0,39.103878
239601,45,35.9475839569493,0.0,36.81046
239626,45,34.1363215910774,100.0,32.647728
239651,45,30.902848981458,100.0,29.00279
239676,45,37.7767380081069,100.0,37.66711
239701,45,43.0307893956662,89.7893826536863,43.44628
239726,45,47.1593422655225,0.0,47.656208
239751,45,50.2292262969713,0.0,50.404015
239776,45,48.4265350928668,0.0,48.810726
239801,45,46.6343079558231,0.0,46.30202
239826,45,45.3469065323879,0.0,44.56656
239851,45,42.5340818143263,0.0,43.400345
239876,45,40.6641023677448,4.74338407086404,39.58535
239901,45,38.7028730824352,38.1750677510397,38.402588
239926,45,36.5018036245375,73.2422414251294,36.193916
239951,45,36.271452755711,100.0,36.706245
239976,45,39.4673227487698,100.0,39.991947
240001,50,44.0357942286589,59.6330435448362,44.58625
240026,50,48.5015366467145,67.3596314650532,48.185207
240051,50,49.2125757706809,0.0,49.653168
240076,50,50.4994695732427,0.0,50.960262
240101,50,49.4828479210345,0.0,48.807858
240126,50,48.1478089653432,0.0,47.453022
240151,50,45.3323369501048,0.0,46.107464
240176,50,43.3698603209583,44.2077375413256,42.40895
240201,50,42.0188297815951,79.297987964645,40.37478
240226,50,41.7226274236774,100.0,42.391663
240251,50,44.8501767902758,100.0,45.08797
240276,50,48.5367312086502,52.8911767011136,49.276596
240301,50,51.9856812219169,0.0,52.257324
240326,50,53.066792382937,0.0,52.586918
240351,50,51.2528108779128,0.0,51.266674
240376,50,49.4104489013636,0.0,49.03962
240401,31,47.8394394139449,0.0,47.249287
240426,31,46.2532303952385,0.0,45.770428
240451,31,44.2967178043768,0.0,44.230503
240476,31,42.2543136462655,0.0,42.171593
240501,31,39.7865433031362,0.0,40.02874
240526,31,38.2100422575998,0.0,37.135605
240551,31,35.7405050987473,0.0,36.378887
240576,31,33.3197253963408,0.0,33.047626
240601,31,30.4050137791916,0.0,30.648695
240626,31,26.830015199052,0.0,27.239561
240651,31,23.658166065799,35.1925804184846,23.006804
240676,31,19.4985994041873,91.8991935646274,20.144907
240701,31,19.8157789607687,100.0,20.653606
240726,31,30.2277665163158,100.0,31.029226
240751,31,37.2351058114997,0.0,37.52624
240776,31,42.9987685973894,0.0,42.77723
240801,29,40.6748001618014,0.0,42.199978
240826,29,37.559653148142,0.0,38.168198
240851,29,35.8755932862557,0.0,34.27654
240876,29,33.7770478824016,0.0,33.9242
240901,29,31.0853562048363,0.0,31.414202
240926,29,27.6808892919312,0.0,28.136822
240951,29,24.1216678967858,0.0,24.026833
240976,29,20.3304275919982,47.8168424323956,20.286375
241001,29,14.9621824163815,100.0,16.095703
241026,29,20.5138014520451,100.0,21.070286
241051,29,31.7563205990729,100.0,32.53825
241076,29,38.0095635868857,0.0,38.82282
241101,29,42.4291332956872,0.0,43.307297
241126,29,41.3744051363038,0.0,41.447937
241151,29,39.0328711118638,0.0,39.58754
241176,29,37.1932863674566,0.0,36.493378
241201,43,34.1994728486119,0.0,35.108456
241226,43,31.6488337511802,100.0,30.99725
241251,43,28.9165266612491,100.0,25.891312
241276,43,36.2083955704698,100.0,36.70101
241301,43,42.5897712877725,82.0507235861815,42.205242
241326,43,46.0297741903413,0.0,47.324123
241351,43,48.9443806594104,0.0,48.847836
241376,43,47.0599522735162,0.0,47.541813
241401,43,44.9103246195869,0.0,44.963596
241426,43,43.2829944257616,0.0,42.610153
241451,43,41.2700844138768,0.0,41.34445
241476,43,39.5622053611511,0.0,39.062508
241501,43,37.0051334860482,22.0865629965728,37.623955
241526,43,34.4474932365174,67.8023101759246,34.109825
241551,43,32.8923672216781,100.0,32.34515
241576,43,35.6221222743466,100.0,36.552322
241601,45,41.9170892499583,92.5816364868378,41.355225
241626,45,46.4239979281728,15.8264582551288,46.791286
241651,45,49.203728170833,0.0,49.922382
241676,45,47.1891404290137,0.0,47.619576
241701,45,45.9665862640404,0.0,45.025646
241726,45,44.3389553698198,0.0,44.011463
241751,45,41.6315333801436,0.0,42.368355
241776,45,39.7294282053979,20.9189140104042,38.77314
241801,45,37.8519945349905,54.926968326708,37.168835
241826,45,35.6808141317348,88.4984942053868,36.34651
241851,45,37.5380574964813,100.0,37.490448
241876,45,42.0022842797856,94.1488578363505,42.09377
241901,45,45.7341550555746,14.3683583045252,46.784187
241926,45,49.4922890642244,0.0,49.24789
241951,45,47.9982655584374,0.0,48.03021
241976,45,46.3989752285538,0.0,45.93682
242001,38,44.8674470144415,0.0,44.369656
242026,38,42.274267189452,0.0,42.89614
242051,38,40.1333657224445,0.0,39.52991
242076,38,37.8267539063117,0.0,37.793873
242101,38,35.775744692283,0.0,35.308163
242126,38,32.7766470297907,0.496343774531177,33.477577
242151,38,30.4520889527883,54.110447052193,29.549189
242176,38,26.8029316293496,95.6742106164724,26.911379
242201,38,29.8371252907758,100.0,29.610035
242226,38,37.3008945406726,100.0,36.285465
242251,38,41.9113138310073,0.0,43.105827
242276,38,46.2487141654991,0.0,46.421303
242301,38,44.486092627258,0.0,45.139366
242326,38,42.3468212674036,0.0,42.488087
242351,38,40.9019670176708,0.0,40.03089
242376,38,38.5031696536298,0.0,39.066425
242401,24,36.0796934019367,0.0,35.904446
242426,24,33.3215019751404,0.0,33.43359
242451,24,31.2876602369155,0.0,30.332554
242476,24,27.5682279614546,0.0,28.961012
242501,24,23.7409501249463,0.0,23.616274
242526,24,20.0197983061328,0.0,19.649282
242551,24,15.0075315826459,31.8289744437683,15.991096
242576,24,7.11989721972876,100.0,10.413109
242601,24,11.2200651780957,100.0,11.27195
242626,24,28.3345123148143,100.0,29.641748
242651,24,36.1261229796367,0.0,36.53212
242676,24,42.0924662055546,0.0,41.98424
242701,24,39.7288801449081,0.0,41.3513
242726,24,37.0697751384009,0.0,37.175537
242751,24,34.6562769320269,0.0,34.2115
242776,24,31.9841908546418,0.0,32.00542
242801,39,29.0733036445533,0.0,29.063068
242826,39,26.5037679845836,100.0,25.898197
242851,39,22.1321383960073,100.0,19.806519
242876,39,32.4399710195169,100.0,33.45151
242901,39,39.0320765972597,77.9432255120376,39.31756
242926,39,43.8827626107316,0.0,44.236847
242951,39,46.1271746834166,0.0,46.770363
242976,39,45.0373814477476,0.0,44.71055
243001,39,43.1898338328515,0.0,43.13228
243026,39,40.7715014926925,0.0,41.15525
243051,39,38.9447460328742,0.0,38.17694
243076,39,36.7397295551878,0.0,36.88945
243101,39,33.9598934406382,1.04404832116622,34.306046
243126,39,30.1410482028627,50.7389361549622,30.944094
243151,39,27.7530337063886,100.0,25.888968
243176,39,29.8989751421108,100.0,30.293314
243201,21,37.1634697226543,100.0,37.055973
243226,21,42.7675037921342,0.0,42.978703
243251,21,46.5774600430521,0.0,47.31311
243276,21,45.0178594012625,0.0,45.37976
243301,21,43.3853386509986,0.0,43.037403
243326,21,41.1344080493084,0.0,41.44282
243351,21,39.130875474403,0.0,38.701202
243376,21,36.0136097570113,0.0,36.910843
243401,21,33.6526745311265,0.0,32.71311
243426,21,31.1853571806527,0.0,31.041355
243451,21,28.1637171173848,0.0,28.44924
243476,21,24.6899696936058,0.0,24.8752
243501,21,21.174290510763,0.0,20.94087
243526,21,16.1679109852688,0.0,17.350687
243551,21,9.54025490571931,46.6376132326008,11.064167
243576,21,0.0,100.0,3.2717302
243601,39,15.341900848793,100.0,15.265544
243626,39,29.2049805486337,100.0,30.914816
243651,39,37.4244210709987,100.0,36.975758
243676,39,41.8426152484226,0.0,43.26501
243701,39,47.0778402380122,0.0,46.332024
243726,39,45.4116933338649,0.0,46.07672
243751,39,42.5950642331381,0.0,43.40191
243776,39,40.6175580084854,0.0,39.64335
243801,39,39.1479853099952,0.0,38.43685
243826,39,36.4975934553579,0.0,37.360287
243851,39,34.1001143427721,5.11128842107831,33.641838
243876,39,31.1668651418315,47.9721144699452,31.29034
243901,39,28.7066804806438,100.0,27.791681
243926,39,29.6298403972036,100.0,30.702213
243951,39,37.5519306807451,100.0,36.95554
243976,39,42.6430651983107,0.0,43.34539
244001,48,46.8310049918218,0.0,47.12647
244026,48,45.468814464756,0.0,45.681774
244051,48,43.169479238988,5.705398887831,43.506416
244076,48,41.1499993655415,46.811970662406,40.490227
244101,48,38.8343149383175,82.9215372003522,38.35331
244126,48,39.2689258088546,100.0,39.634884
244151,48,42.6211497433764,100.0,43.10177
244176,48,47.2563623396562,56.6829409491883,47.31298
244201,48,50.6959725628037,0.0,51.165756
244226,48,51.561684574349,0.0,51.65405
244251,48,49.9151161901131,0.0,49.77385
244276,48,48.4857859347925,0.0,47.7701
244301,48,46.7427151473676,0.0,46.419815
244326,48,44.9179122242359,0.0,44.67959
244351,48,42.0436811599228,15.6253032586012,42.894337
244376,48,40.5662364339104,67.0094341446913,38.65084
244401,50,38.3286498879507,93.4327708622338,38.21542
244426,50,40.9565403858639,100.0,40.846066
244451,50,44.5159306534141,100.0,45.418755
244476,50,48.3782613249834,58.6482062072756,49.00656
244501,50,51.9012771439365,0.0,52.091595
244526,50,52.9968090806143,0.0,52.93421
244551,50,52.2833595214345,0.0,51.200962
244576,50,49.8645884891369,0.0,50.216774
244601,50,47.9931700423305,0.0,47.360123
244626,50,46.2302758547148,0.0,45.87087
244651,50,44.529449963585,28.0091474193331,44.17969
244676,50,42.4180474998162,58.42027849933,41.833477
244701,50,41.9364721696042,96.1744670081575,41.29024
244726,50,43.0001986434967,100.0,43.880676
244751,50,47.0348529886619,85.8053213073466,47.254364
244776,50,50.4291470485172,13.7023419202096,50.993134
244801,48,53.0592490878908,0.0,53.182632
244826,48,51.7137186983051,0.0,51.367863
244851,48,49.5609486060619,0.0,49.5621
244876,48,48.2038758999452,0.0,47.291485
244901,48,45.8950933086222,0.0,46.15825
244926,48,44.3033338029803,0.0,43.454754
244951,48,42.3015316037877,26.7643749408055,42.33963
244976,48,40.8251977328459,62.5552856586017,39.629406
245001,48,39.6413284627016,88.9581592485883,39.808292
245026,48,41.318501275804,100.0,41.765858
245051,48,44.5636799141613,80.1769009153379,45.318256
245076,48,49.2938684642209,22.1850509804483,48.75974
245101,48,51.5013265952265,0.0,51.91056
245126,48,49.70021097468,0.0,49.71651
245151,48,48.0868237795201,0.0,47.536808
245176,48,46.4201637926186,0.0,46.003353
245201,30,44.2775653082047,0.0,44.3793
245226,30,43.281863857012,0.0,41.977726
245251,30,40.2554093894015,0.0,41.44592
245276,30,38.2003822656573,0.0,37.0827
245301,30,36.0526619314772,0.0,35.922577
245326,30,33.5224426299992,0.0,33.666134
245351,30,30.9507189382984,0.0,30.750305
245376,30,27.7331772415521,0.0,28.113886
245401,30,24.3891423655317,1.14358925861939,24.255781
245426,30,20.8615623887331,60.9235453680233,20.745241
245451,30,14.6767061992151,100.0,16.452847
245476,30,22.7257936509136,100.0,23.724924
245501,30,32.8435528927831,90.7266494075539,33.5237
245526,30,38.9894982285713,0.0,39.37003
245551,30,43.6985343213149,0.0,43.20667
245576,30,41.536196264132,0.0,42.72181
245601,35,39.5968005202609,0.0,39.190464
245626,35,37.3741716627388,0.0,37.441845
245651,35,34.5779299583972,0.0,34.930202
245676,35,32.0556130222984,0.0,31.56564
245701,35,29.0283800559256,13.2456324657335,29.276333
245726,35,26.0941428952245,67.3643484100123,25.6993
245751,35,22.2872319925123,100.0,23.179476
245776,35,27.6534652693949,100.0,28.60809
245801,35,36.2388699790509,92.0058562707428,35.864143
245826,35,41.9555747661329,0.0,42.08631
245851,35,45.2823076833145,0.0,45.83101
245876,35,43.3091937981915,0.0,44.052128
245901,35,41.4327045065754,0.0,41.159412
245926,35,39.4059104328914,0.0,39.355297
245951,35,37.1052747707863,0.0,37.166695
245976,35,34.6863500287846,0.0,34.585133
246001,47,31.837946069166,0.0,32.030678
246026,47,29.5327567816069,100.0,28.749233
246051,47,25.9077307999702,100.0,23.633297
246076,47,35.0303662593667,100.0,35.2293
246101,47,40.344377958886,100.0,41.38736
246126,47,45.3649808756663,79.7348866397707,45.463688
246151,47,48.9532445010272,0.0,49.606495
246176,47,50.7247393906921,0.0,51.610477
246201,47,49.0374593195256,0.0,49.09829
246226,47,47.7318711223027,0.0,46.91283
246251,47,45.7117718383206,0.0,45.709076
246276,47,44.0449876482548,0.0,43.540745
246301,47,42.4584797513167,13.589150425425,42.076748
246326,47,40.2640066666919,41.9549307497526,39.949924
246351,47,37.8016762078561,81.1918210638044,38.14799
246376,47,38.0328066273999,100.0,38.27513
246401,48,41.3368315868334,100.0,41.959957
246426,48,46.4871919740518,79.9486564197224,46.197628
246451,48,49.4261383504861,0.0,50.60182
246476,48,52.3974681138135,0.0,51.992775
246501,48,50.3450732092978,0.0,50.898514
246526,48,48.5703559796852,0.0,48.12105
246551,48,47.3051135055233,0.0,46.445946
246576,48,44.8360228293831,0.0,45.301956
246601,48,43.3462188168344,17.4009230828227,42.234085
246626,48,41.3256758817752,44.0386130634254,40.744823
246651,48,39.4651847984449,80.1667660478412,39.51865
246676,48,39.4153425797397,100.0,40.052967
246701,48,43.372716971445,100.0,43.106915
246726,48,47.448604320295,43.6318814768248,48.014874
246751,48,50.3233329413946,0.0,51.354122
246776,48,50.596780279439,0.0,50.29743
246801,22,49.3212140565661,0.0,48.742355
246826,22,47.1658612755191,0.0,47.25443
246851,22,45.7027815151274,0.0,44.882744
246876,22,43.4146891072974,0.0,43.71688
246901,22,41.7357297954751,0.0,40.96915
246926,22,39.9239809743266,0.0,39.825176
246951,22,37.2544296388939,0.0,37.89256
246976,22,35.0489028337364,0.0,34.38815
247001,22,32.4974637326395,0.0,32.59792
247026,22,29.3259952059337,0.0,29.695135
247051,22,26.2298584750767,0.0,25.907867
247076,22,22.2462546973241,0.0,22.851896
247101,22,17.7009277772743,0.0,17.992407
247126,22,12.2379904379616,37.328469100958,12.918176
247151,22,1.23206367169039,100.0,7.3416033
247176,22,12.5654682575486,100.0,11.826915
247201,29,28.36710358466,100.0,30.166254
247226,29,36.4878872197635,0.0,36.454468
247251,29,41.9590080747451,0.0,42.332718
247276,29,39.6297694141807,0.0,41.148315
247301,29,37.0767205040665,0.0,37.107803
247326,29,34.6981691281363,0.0,34.318455
247351,29,32.3505625031877,0.0,32.080658
247376,29,29.7898725861746,0.0,29.738842
247401,29,25.7625619807503,0.0,26.951887
247426,29,22.6590291762173,18.342122948542,21.50253
247451,29,17.8519729285599,73.8253879025098,19.518324
247476,29,13.9661053393024,100.0,14.421794
247501,29,24.4441798951629,100.0,25.79239
247526,29,34.0578233168082,41.9923289060952,34.280636
247551,29,40.2836988214166,0.0,40.324333
247576,29,40.2030541333484,0.0,40.704437
247601,48,38.0094880442192,0.0,38.61033
247626,48,36.0926670847655,100.0,35.59924
247651,48,33.1165368102899,100.0,31.060324
247676,48,39.8639885769008,100.0,38.829082
247701,48,43.4128678180715,100.0,45.16101
247726,48,48.3172263888716,42.6036192293086,48.024803
247751,48,51.8273827629787,0.0,52.27684
247776,48,51.529267135095,0.0,51.608124
247801,48,50.2587706049696,0.0,49.553326
247826,48,48.2949658053071,0.0,48.16399
247851,48,46.6813496654816,0.0,46.147827
247876,48,44.563247184915,0.0,44.641045
247901,48,42.7996990650918,22.0304209414794,42.28932
247926,48,41.1769226752804,53.5619285443177,40.14235
247951,48,39.1110772332144,82.5812902201447,39.87482
247976,48,40.4263212401678,100.0,40.279255
248001,39,43.7687483009349,96.0352533529985,44.203808
248026,39,48.2077322742652,0.0,48.272972
248051,39,51.2958255260146,0.0,51.78907
248076,39,49.4330703005176,0.0,49.84766
248101,39,47.9382049382744,0.0,47.267918
248126,39,46.0580400605934,0.0,45.87847
248151,39,43.9922419806835,0.0,43.991573
248176,39,41.8836743026775,0.0,41.761913
248201,39,40.072629531548,0.0,39.592075
248226,39,38.214715099436,0.0,38.04335
248251,39,35.5876449888191,0.0,36.122776
248276,39,32.3406632056566,21.526223789493,32.744804
248301,39,30.0683167854873,79.5740507286858,28.973186
248326,39,27.9478524584152,100.0,27.954262
248351,39,33.5397134376719,100.0,33.03568
248376,39,39.6300569439463,58.203705883076,39.905647
248401,34,44.7952503754317,0.0,44.514736
248426,34,46.1883284951009,0.0,46.13047
248451,34,43.3515127694004,0.0,44.643345
248476,34,41.7828963994342,0.0,40.388306
248501,34,39.6784587098791,0.0,39.89952
248526,34,37.3719891591778,0.0,37.3688
248551,34,35.7270589934531,0.0,34.849014
248576,34,32.3342550671431,0.0,33.81105
248601,34,29.8593071586168,0.0,28.737509
248626,34,26.4945963656241,34.51151824956,27.102798
248651,34,22.5937540447213,94.6654646542141,22.828228
248676,34,22.7310632799817,100.0,22.781353
248701,34,32.1371810469784,100.0,32.824932
248726,34,38.6784740383917,0.0,39.007748
248751,34,44.1258243522086,0.0,43.916977
248776,34,41.7061488525911,0.0,43.245827
248801,23,40.172061031913,0.0,39.11964
248826,23,37.9297964793172,0.0,38.342567
248851,23,34.7698599261821,0.0,35.472866
248876,23,31.9162770802958,0.0,31.41677
248901,23,29.3173888820215,0.0,28.823463
248926,23,26.1113447952889,0.0,26.438698
248951,23,22.1980674022223,0.0,22.628645
248976,23,17.7509100942844,0.0,18.010006
249001,23,12.371702627232,54.2118047315097,13.054055
249026,23,1.50244467346657,100.0,6.4914145
249051,23,17.8938002873924,100.0,18.121397
249076,23,30.5599576920237,51.7455670821835,31.763248
249101,23,37.4262020695584,0.0,37.814037
249126,23,38.9628695011521,0.0,38.70904
249151,23,36.3866533721536,0.0,37.658546
249176,23,34.6033759153212,0.0,33.599686
249201,41,31.6362642930061,0.0,32.54582
249226,41,28.1988494206999,100.0,28.433695
249251,41,24.9280602843775,100.0,21.600395
249276,41,34.1618104621316,100.0,34.733925
249301,41,39.7442083827865,82.6587855414744,40.678898
249326,41,44.9156713751665,0.0,44.76497
249351,41,47.5558423932833,0.0,48.019753
249376,41,46.1759523410084,0.0,46.154644
249401,41,44.2237795041329,0.0,44.188957
249426,41,41.5627082790321,0.0,42.102005
249451,41,39.8152840570771,0.0,38.7473
249476,41,37.468175818342,0.0,37.842678
249501,41,35.0619058409239,23.5336145576028,34.90785
249526,41,32.5007803988822,66.5539990203398,32.352295
249551,41,30.4545960194415,100.0,30.751118
249576,41,34.7536290666811,100.0,34.36633
249601,24,40.3180736545206,72.123218203414,40.789467
249626,24,45.3639188956155,0.0,45.354248
249651,24,47.0203487823681,0.0,47.97884
249676,24,45.5020975579663,0.0,45.489243
249701,24,43.3885661207442,0.0,43.513447
249726,24,41.8341113946085,0.0,41.107258
249751,24,39.3123339770117,0.0,39.951664
249776,24,36.192956959288,0.0,36.605778
249801,24,34.2800969934052,0.0,32.89226
249826,24,32.4905779665098,0.0,32.09723
249851,24,28.8986654730886,0.0,30.40612
249876,24,25.6370658147426,0.0,25.08011
249901,24,21.2030739182746,0.0,22.097296
249926,24,16.9847594132916,10.0738942598316,16.520988
249951,24,10.7859642222465,85.4828458050093,12.935499
249976,24,0.0,100.0,3.6029658
250001,45,24.7607130155066,100.0,24.431967
250026,45,34.2667705383239,100.0,34.43792
250051,45,39.94990763901,100.0,40.783123
250076,45,44.7076270529337,50.5327334878797,45.157528
250101,45,48.2992270662586,0.0,48.899963
250126,45,49.1965060165367,0.0,48.936977
250151,45,47.2779593946747,0.0,47.486412
250176,45,45.7496955114574,0.0,45.169174
250201,45,44.0842292471438,0.0,43.75182
250226,45,41.9998463426447,0.0,42.115036
250251,45,39.2669517322362,13.8800453904994,39.732193
250276,45,37.2289873736303,62.7375944130292,35.997013
250301,45,34.9019424555761,99.1796943191601,34.617237
250326,45,38.0153045918897,100.0,37.7583
250351,45,42.3175981538024,85.1663110303497,43.279606
250376,45,47.0709905462091,8.27924510710871,46.919254
250401,24,49.6355332484214,0.0,50.146114
250426,24,48.2268347264865,0.0,48.13338
250451,24,45.8089592386769,0.0,46.172153
250476,24,44.7206596916702,0.0,43.264973
250501,24,42.2766285647125,0.0,42.825527
250526,24,40.3004784113264,0.0,39.67284
250551,24,37.7184003248868,0.0,38.11789
250576,24,35.5298809063872,0.0,34.93916
250601,24,32.947295604153,0.0,33.099705
250626,24,30.3242195042315,0.0,30.120098
250651,24,26.8549708161612,0.0,27.432762
250676,24,23.404194890668,0.0,23.13165
250701,24,19.4261665703132,0.0,19.663946
250726,24,13.6480560536582,41.6906907054911,15.153063
250751,24,5.34215446132256,100.0,8.45523
250776,24,14.3597762152954,100.0,15.298275
250801,27,28.7329343720309,100.0,30.500015
250826,27,36.538037556035,0.0,36.636013
250851,27,42.4496237603127,0.0,42.31935
250876,27,39.8244928080614,0.0,41.68948
250901,27,37.8606118036617,0.0,37.025654
250926,27,35.2676749020497,0.0,35.66529
250951,27,33.3455326114292,0.0,32.45381
250976,27,29.7447790073561,0.0,31.144617
251001,27,27.8395361257021,0.0,25.926317
251026,27,22.4759547347577,0.0,25.599749
251051,27,18.7510419544578,40.7410222834241,16.960527
251076,27,12.8025690010489,100.0,14.756926
251101,27,17.1695518079552,100.0,18.006166
251126,27,30.542234885703,100.0,31.197983
251151,27,37.0994767087786,0.0,38.013752
251176,27,42.5689421675471,0.0,42.590282
251201,49,40.9445376698129,0.0,41.73949
251226,49,38.5853177365597,100.0,39.074467
251251,49,36.3961593697017,100.0,33.48469
251276,49,41.9340994635343,100.0,41.626816
251301,49,46.1494135651366,86.2676428198927,46.84859
251326,49,49.6115951000367,10.9355257847627,50.233044
251351,49,52.1541603507733,0.0,52.457253
251376,49,50.6370047343257,0.0,50.493378
251401,49,49.0938108066215,0.0,48.490723
251426,49,47.1889287797227,0.0,46.990753
251451,49,45.891571642976,0.0,45.08518
251476,49,43.2222946847435,15.5424860097595,43.92666
251501,49,41.6769039020246,63.2631242158753,39.981087
251526,49,39.7540281782435,90.9005765087302,39.399822
251551,49,41.1068041016398,100.0,41.863182
251576,49,45.6163371114277,100.0,45.242714
251601,37,49.049869412234,20.5407553662802,50.045296
251626,37,52.5712057785772,0.0,52.856052
251651,37,51.3256649166061,0.0,50.93257
251676,37,50.0763827365819,0.0,49.202137
251701,37,47.6378037854778,0.0,47.990635
251726,37,45.9746321246325,0.0,45.092506
251751,37,43.9942449936858,0.0,43.948025
251776,37,42.112445321901,0.0,41.844162
251801,37,40.0296706359394,0.0,40.036423
251826,37,37.9959262361398,0.0,37.743916
251851,37,35.2238321115635,0.0,35.736134
251876,37,33.1134490328155,0.0,32.24072
251901,37,30.1361546629739,29.3284869157984,30.732845
251926,37,26.9553563008373,82.5567668878672,26.851202
251951,37,25.5988495798056,100.0,25.882189
251976,37,32.0705391932519,100.0,32.35977
252001,43,39.2262607697495,48.0462418359691,38.774124
252026,43,43.7666436652425,27.3993152126225,44.275803
252051,43,44.1330074859623,0.0,43.456673
252076,43,43.60661526542,0.0,42.820423
252101,43,41.8679815141261,0.0,41.836937
252126,43,40.0299338434535,0.0,39.91622
252151,43,37.085317319548,13.0393038234461,37.974785
252176,43,34.4607075981689,65.6813112688894,33.666294
252201,43,32.0454288206484,100.0,31.593113
252226,43,35.3338568786012,100.0,35.542313
252251,43,40.724749191394,97.0484402558948,41.170727
252276,43,46.1282951823969,0.704274766416596,45.74658
252301,43,48.7403028847214,0.0,50.01641
252326,43,47.5197471317143,0.0,47.315838
252351,43,45.4351838295597,0.0,45.51721
252376,43,43.8023485212066,0.0,43.201538
252401,31,42.1121333469133,0.0,41.847244
252426,31,39.7032161124552,0.0,40.19227
252451,31,37.5356566412517,0.0,37.106903
252476,31,35.0056468847407,0.0,35.14519
252501,31,32.7733017562268,0.0,32.248474
252526,31,30.1089185897438,0.0,30.27439
252551,31,25.6235619359335,0.0,27.1764
252576,31,22.7325239418729,56.0307476588536,20.930536
252601,31,18.1385570153239,100.0,18.755682
252626,31,23.527626812876,100.0,24.246635
252651,31,32.8431939698274,93.5579418360998,33.94368
252676,31,39.6234372970933,0.0,39.411358
252701,31,44.0781021297127,0.0,44.13202
252726,31,41.7692849610907,0.0,43.052067
252751,31,39.2434597612093,0.0,39.28785
252776,31,37.8641749197211,0.0,36.53241
252801,23,34.776493518905,0.0,36.13055
252826,23,32.1976722807621,0.0,31.491562
252851,23,30.1731779970454,0.0,29.366568
252876,23,26.3256113567585,0.0,27.844242
252901,23,22.5711533448686,0.0,22.24055
252926,23,18.4749245163715,0.0,18.53646
252951,23,12.5407480090963,40.7032784400246,14.08511
252976,23,2.97051455416131,100.0,7.265038
253001,23,13.7126134924842,100.0,14.036715
253026,23,29.0591245442537,100.0,30.40682
253051,23,36.4264245493046,0.0,36.9757
253076,23,42.199966268057,0.0,42.15462
253101,23,40.0081656314102,0.0,41.426888
253126,23,37.1809861474725,0.0,37.61947
253151,23,35.5330195921647,0.0,34.165443
253176,23,32.5368139634974,0.0,33.612225
253201,25,30.287613135866,0.0,29.315786
253226,25,26.7679224844665,0.0,27.748085
253251,25,22.9238724457525,0.0,22.996218
253276,25,18.2139024281542,0.0,18.808266
253301,25,12.9653288478164,80.9952533431992,13.285839
253326,25,3.40164973088902,100.0,4.6696496
253351,25,24.0051800220341,100.0,24.344837
253376,25,34.0032991254593,0.0,33.983444
253401,25,39.8927735966998,0.0,40.72214
253426,25,37.448058570113,0.0,39.207153
253451,25,35.675771991679,0.0,34.79557
253476,25,33.016952318531,0.0,33.63925
253501,25,29.8111033250973,0.0,30.118614
253526,25,26.8028773256852,0.0,26.36541
253551,25,22.6697688599801,0.0,23.513456
253576,25,18.5159908904767,1.29903357345498,18.279266
253601,45,12.536178930435,75.5532966470863,14.064699
253626,45,2.44208948814399,100.0,4.6792955
253651,45,23.1441615484278,100.0,23.179394
253676,45,32.6312600979928,100.0,33.686565
253701,45,39.4460075795749,100.0,39.426395
253726,45,43.8919977631875,59.2015039050067,44.81249
253751,45,48.0388971537931,0.0,48.039783
253776,45,49.3586114852862,0.0,49.299152
253801,45,47.2719237046487,0.0,47.706505
253826,45,45.5531989127911,0.0,45.05355
253851,45,43.9573592747221,0.0,43.530563
253876,45,42.1595410208418,0.0,42.00363
253901,45,39.6499916337871,10.6911700570674,40.16138
253926,45,36.9664513203616,55.5560475304184,36.575798
253951,45,35.348046594225,100.0,33.87801
253976,45,36.8781530219091,100.0,37.50331
254001,34,42.5929654888269,100.0,42.282326
254026,34,46.1734459325539,0.0,47.440166
254051,34,50.3114413618793,0.0,50.00193
254076,34,48.4225500918082,0.0,49.049137
254101,34,47.2042310239356,0.0,46.28422
254126,34,45.673055375783,0.0,45.211754
254151,34,43.0317291415845,0.0,43.67706
254176,34,40.6016516865275,0.0,40.249557
254201,34,38.6615245468998,0.0,37.99433
254226,34,36.7617202849129,0.0,36.49657
254251,34,33.9436997731619,0.0,34.615845
254276,34,30.9477567251614,0.0,30.904575
254301,34,28.1862040782885,14.3230074258569,27.711163
254326,34,24.7891307221018,63.6929413910139,25.109213
254351,34,21.1962180574096,100.0,21.908829
254376,34,26.4482168028479,100.0,27.36681
254401,45,35.4098893623924,94.824930361416,35.305256
254426,45,40.795984708577,100.0,41.538284
254451,45,44.9785534231903,35.0239053517547,45.569046
254476,45,48.49070637863,0.0,49.153515
254501,45,48.3206905161343,0.0,47.81428
254526,45,47.0178754863416,0.0,46.464123
254551,45,44.9861338243171,0.0,45.01747
254576,45,42.8798731441231,0.0,42.797592
254601,45,40.5529149272328,0.0,40.600353
254626,45,38.8798150919949,39.3629674476587,38.042282
254651,45,36.6857814674807,69.2800887701683,36.166145
254676,45,36.56521269254,100.0,36.7401
254701,45,39.2117269385554,100.0,39.99841
254726,45,43.2734903771825,63.4009642841345,44.334564
254751,45,48.1822919141814,0.0,47.49782
254776,45,49.7183108930434,0.0,49.73301
254801,43,47.9860265825141,0.0,48.08743
254826,43,46.2814146270299,0.0,45.886433
254851,43,44.3618414374129,0.0,44.238686
254876,43,41.8592791756087,0.0,42.27161
254901,43,40.7335392965009,0.0,39.19618
254926,43,37.7584982660593,0.427691402332968,38.95488
254951,43,35.3279435119556,53.6118816702815,34.604145
254976,43,32.9670825963451,97.0703785327127,31.889029
255001,43,34.5776560064739,100.0,35.04829
255026,43,40.0344519366603,100.0,40.150288
255051,43,45.2614130755984,13.0030049564414,45.212463
255076,43,48.5804527453851,0.0,49.467377
255101,43,47.0515430572751,0.0,47.10198
255126,43,44.885498705407,0.0,45.013554
255151,43,43.1520350912525,0.0,42.56961
255176,43,41.6081382356517,0.0,41.198223
255201,24,39.6348764481135,0.0,39.734306
255226,24,37.1661687916018,0.0,37.448383
255251,24,34.298546576277,0.0,34.488262
255276,24,32.1999226057077,0.0,31.216215
255301,24,28.9055600661644,0.0,29.82132
255326,24,25.5019456112456,0.0,25.367449
255351,24,21.7692752998429,0.0,21.827011
255376,24,16.7875054418218,0.0,17.747131
255401,24,11.1356318764647,88.7735538307302,11.667948
255426,24,0.0484248577583552,100.0,1.8027683
255451,24,25.5980893659888,100.0,25.008425
255476,24,34.4036512991275,0.0,35.109905
255501,24,39.9937154879435,0.0,40.822075
255526,24,37.9327649923847,0.0,39.260353
255551,24,35.54750079277,0.0,35.64671
255576,24,33.1395064726331,0.0,32.9321
255601,34,30.0638230681669,0.0,30.478737
255626,34,27.1261053609201,30.1656508349572,26.743298
255651,34,23.3719794313933,82.6866147082259,23.82194
255676,34,22.3231477012026,100.0,22.66033
255701,34,30.6653729498465,100.0,30.83061
255726,34,37.2612903280359,19.4908496067259,37.714825
255751,34,43.0118710720491,0.0,42.657093
255776,34,41.289605844494,0.0,41.904297
255801,34,38.9722279258625,0.0,39.351364
255826,34,36.9518569186615,0.0,36.4549
255851,34,34.3653172383419,0.0,34.694275
255876,34,31.5483403957924,0.0,31.548508
255901,34,29.3960378009469,3.6501289922349,28.486357
255926,34,24.7676417955123,42.1283054043177,26.837004
255951,34,21.148697896264,100.0,20.58079
255976,34,23.4264461787631,100.0,23.903738
256001,40,33.3976058675433,100.0,33.951347
256026,40,39.7970553605716,77.9379331312199,40.095554
256051,40,44.2666854572957,0.0,44.89829
256076,40,46.4166437589856,0.0,47.08767
256101,40,44.7693354618785,0.0,44.9772
256126,40,42.8986903338942,0.0,42.782337
256151,40,40.6702074975385,0.0,40.840294
256176,40,38.7328398061131,0.0,38.253532
256201,40,37.0296485597111,0.0,36.5712
256226,40,33.9725200669902,12.9894123367334,35.071705
256251,40,31.3624367974036,67.6425718958814,30.52129
256276,40,28.6002288257776,100.0,28.609825
256301,40,32.5133241791987,100.0,32.82918
256326,40,38.3946940651387,93.7870158658193,38.94136
256351,40,43.6964719602157,0.0,43.754456
256376,40,47.1434400657775,0.0,47.500343
256401,50,45.8538703253687,0.0,45.874638
256426,50,44.1388241124923,34.0706414970692,43.891376
256451,50,42.2632274901982,64.736846322294,41.34106
256476,50,41.8968033058724,98.2769243620769,41.63026
256501,50,43.4399305651064,100.0,44.313683
256526,50,47.6063030733506,77.2806204256459,47.81989
256551,50,51.0893925473733,2.82214440412534,51.550507
256576,50,52.7041228092122,0.0,53.6057
256601,50,51.106603462877,0.0,51.06478
256626,50,49.2982698230164,0.0,48.9329
256651,50,47.7847809373502,0.0,47.14606
256676,50,46.0957224157524,0.0,45.72674
256701,50,44.8114473740591,29.8247394242773,44.061214
256726,50,42.6314878574625,52.7903406075624,42.19648
256751,50,41.2928489227278,91.7693230367791,41.3101
256776,50,42.9121972773625,100.0,42.682472
256801,29,46.7625871057297,86.78946015379,46.891006
256826,29,49.7074160401298,0.0,50.74397
256851,29,53.1721876400772,0.0,52.58476
256876,29,51.0013859491472,0.0,51.72303
256901,29,48.9713638279199,0.0,48.713654
256926,29,46.7746109534798,0.0,46.789417
256951,29,46.2508355729828,0.0,44.448597
256976,29,44.2481904260184,0.0,44.400356
257001,29,42.191353761099,0.0,42.079803
257026,29,39.5963736178788,0.0,39.95155
257051,29,37.041590162557,0.0,36.823673
257076,29,35.4036435177533,0.0,34.281334
257101,29,32.0900926070417,0.0,33.491005
257126,29,28.9029515394151,0.0,28.565586
257151,29,26.3519825317773,0.0,25.465849
257176,29,21.9493605066367,6.98361323117962,23.48894
257201,26,18.2035737315367,85.6867113916617,17.517414
257226,26,11.9924374931461,99.0342366259823,12.206213
257251,26,26.7625272628898,100.0,26.995327
257276,26,34.554193307675,0.0,35.13183
257301,26,39.9764321725146,0.0,40.755165
257326,26,38.2386859158714,0.0,39.218655
257351,26,36.3000825628761,0.0,36.26022
257376,26,33.448173507333,0.0,34.11306
257401,26,30.6933599012546,0.0,30.372185
257426,26,27.2381124513402,0.0,27.681444
257451,26,24.2783905659069,0.0,23.531805
257476,26,20.6075771496666,0.0,21.00955
257501,26,15.4178703485961,55.9787242851373,16.632154
257526,26,8.22831030938607,100.0,9.872721
257551,26,19.4610618866946,100.0,20.31488
257576,26,31.2955976707814,76.5520726455196,32.167583
257601,26,38.4373764023948,0.0,37.842552
257626,26,41.3347496563058,0.0,41.682228
257651,26,38.7183619156215,0.0,40.160603
257676,26,37.0843077218147,0.0,35.916744
257701,26,34.4271185899545,0.0,35.191616
257726,26,31.4540561650995,0.0,31.544353
257751,26,28.8321988209401,0.0,28.244057
257776,26,25.2664661874234,0.0,25.92704
257801,26,21.5797825884419,0.0,21.43643
257826,26,16.8065144875171,38.5239427802591,17.599083
257851,26,10.1719159441351,100.0,12.243377
257876,26,14.9947353405928,100.0,15.752155
257901,26,29.2004200711799,100.0,30.536053
257926,26,36.6348291185138,0.0,36.9992
257951,26,42.5919639780245,0.0,42.34092
257976,26,39.470379634919,0.0,41.834267
258001,49,37.5072038860606,0.0,36.200214
258026,49,35.8534313756733,100.0,35.309036
258051,49,33.1919891288054,100.0,30.928034
258076,49,39.0445197535022,100.0,38.918175
258101,49,44.4044355970541,100.0,44.409103
258126,49,48.2645256446246,41.7687255716314,49.021053
258151,49,51.7186838360273,0.0,52.126366
258176,49,51.8848184423026,0.0,51.439472
258201,49,49.991441066174,0.0,49.97339
258226,49,48.4295059712838,0.0,47.804176
258251,49,46.3582565791704,0.0,46.343834
258276,49,44.8112705122355,6.84254426796636,44.145752
258301,49,42.6730117654992,34.5011349158246,42.52905
258326,49,40.6843096122547,72.732363999855,40.13992
258351,49,39.9258240660251,100.0,40.358864
258376,49,42.8164677584131,100.0,43.084778
258401,40,46.7975268645916,70.2238820268625,47.45904
258426,40,51.1164396654733,0.0,50.78619
258451,40,52.4277067947108,0.0,53.114872
258476,40,51.0436768084821,0.0,50.681183
258501,40,48.6991972850801,0.0,48.906425
258526,40,46.9602614792889,0.0,46.25312
258551,40,45.7107139205104,0.0,44.891113
258576,40,43.1809727398539,0.0,43.759083
258601,40,41.5711420162408,0.0,40.50543
258626,40,39.4480290356535,0.0,39.68673
258651,40,37.5299176005382,0.0,37.11848
258676,40,34.4407352938069,3.70299965277642,35.374447
258701,40,31.6265358112021,58.9279442544417,31.08725
258726,40,28.6495152043946,100.0,28.060135
258751,40,32.1735796788662,100.0,31.94341
258776,40,38.7029727937773,99.5128296317149,38.635155
258801,34,43.6617445461344,0.0,44.16034
258826,34,47.6752830885368,0.0,47.930916
258851,34,46.0261360779073,0.0,46.47451
258876,34,43.8955802011894,0.0,44.00021
258901,34,41.7475555177766,0.0,41.603283
258926,34,39.4920787855702,0.0,39.41742
258951,34,37.9370981037596,0.0,37.03825
258976,34,34.664535366022,0.0,36.12289
259001,34,33.113914702768,0.0,31.204275
259026,34,29.3703325640184,0.0,31.260773
259051,34,27.1007758390837,42.2459764580955,25.413555
259076,34,23.7033344647907,82.8251942089459,23.953947
259101,34,24.7905084331025,100.0,25.341272
259126,34,32.1491736045466,100.0,31.986525
259151,34,38.2632825267364,0.0,38.894054
259176,34,43.2107600454019,0.0,43.498405
259201,46,41.7633998659968,0.0,42.284267
259226,46,39.3511519350236,35.2655647712404,39.901096
259251,46,37.0413619047238,78.3944631392019,36.37603
259276,46,36.4485130154624,100.0,36.951107
259301,46,39.77313219168,100.0,40.361946
259326,46,45.1192046653271,70.9107525357915,44.85635
259351,46,49.0719140572757,0.0,49.440094
259376,46,50.5459945542486,0.0,51.350838
259401,46,49.1242213398703,0.0,48.880783
259426,46,47.0273413742228,0.0,47.039852
259451,46,45.3639813022016,0.0,44.79725
259476,46,43.650770616782,0.0,43.356113
259501,46,41.7202074968167,1.58849501733071,41.686382
259526,46,39.4958017284862,36.1028373488343,39.560318
259551,46,37.2357130715141,75.8741586696056,36.671185
259576,46,36.8590776011077,100.0,37.21315
259601,22,39.9970507806846,100.0,40.62349
259626,22,45.2856752094384,0.0,45.037643
259651,22,48.5722268695813,0.0,49.447945
259676,22,47.0665117375593,0.0,47.23622
259701,22,45.5647094555888,0.0,45.03181
259726,22,43.442275403649,0.0,43.576782
259751,22,41.6573817263326,0.0,41.153114
259776,22,39.1728737356068,0.0,39.66689
259801,22,37.0843898881722,0.0,36.500053
259826,22,34.4134198610224,0.0,34.763943
259851,22,31.6459326221363,0.0,31.517538
259876,22,28.8379982908169,0.0,28.631552
259901,22,25.0717366709097,0.0,25.757557
259926,22,20.9916264693321,0.0,21.050806
259951,22,16.5445292462764,0.0,16.636396
259976,22,10.1449166313653,56.6661364604657,11.85244
260001,44,0.0,100.0,3.231289
260026,44,18.4382059994681,100.0,18.440104
260051,44,30.5020915833409,100.0,32.00852
260076,44,37.4820365597616,100.0,37.877865
260101,44,42.896724496975,75.8943142604282,43.215225
260126,44,47.1409563576451,0.0,47.526695
260151,44,48.6125538431675,0.0,49.76298
260176,44,46.5452247427493,0.0,47.005657
260201,44,46.0821442700219,0.0,44.33809
260226,44,43.8212098666284,0.0,44.246716
260251,44,42.2237500937171,0.0,41.405315
260276,44,39.4944255224478,0.0,40.322193
260301,44,37.5326381713105,39.9162637303687,36.594116
260326,44,35.8586945148882,74.993811995906,34.660534
260351,44,35.0484120667294,100.0,36.43956
260376,44,38.9478819373341,100.0,38.954792
260401,21,43.376920888165,49.7517551787039,44.18914
260426,21,47.9414846264973,0.0,47.653534
260451,21,48.9013424884613,0.0,48.527206
260476,21,46.4102187750074,0.0,47.209644
260501,21,45.2463925240985,0.0,43.80319
260526,21,42.3982245740151,0.0,43.322895
260551,21,41.1128718967245,0.0,39.41483
260576,21,38.7458047926812,0.0,39.296757
260601,21,36.2849271543213,0.0,36.17939
260626,21,33.5135124086301,0.0,33.605625
260651,21,31.1048055373668,0.0,30.514019
260676,21,27.2087719901084,0.0,28.423111
260701,21,24.4900741539493,0.0,23.086826
260726,21,20.6600661516656,0.0,21.450449
260751,21,15.0957940321638,0.0,16.535166
260776,21,8.04726568969941,64.4456488706092,9.78546
260801,39,0.0,100.0,0.0
260826,39,19.6860365287698,100.0,20.446293
260851,39,31.4441239323835,100.0,32.467735
260876,39,38.2241024428149,94.1507964552525,38.612225
260901,39,43.2136576853208,0.0,43.668316
260926,39,47.2726652522359,0.0,47.04856
260951,39,45.8847961157767,0.0,46.09087
260976,39,43.6783464095508,0.0,43.90546
261001,39,41.3026385850441,0.0,41.31237
261026,39,39.0396599971117,0.0,38.753532
261051,39,37.0916963230181,0.0,36.574253
261076,39,34.8180571356682,0.0,34.903725
261101,39,31.7400769737543,33.8037436034764,32.300587
261126,39,28.8111401825797,88.8324770182753,28.266645
261151,39,28.7995398404737,100.0,28.301645
261176,39,35.4798209946539,100.0,34.80747
261201,36,41.0874591116856,22.0495974888598,41.56595
261226,36,44.8527433738263,0.0,45.818954
261251,36,43.993104066928,0.0,43.444485
261276,36,42.1735797830966,0.0,42.157406
261301,36,39.4750601493063,0.0,40.15592
261326,36,38.0588218048576,0.0,36.60359
261351,36,35.7647739770506,0.0,36.312874
261376,36,32.220200879873,0.0,33.237507
261401,36,30.6580553964536,26.6200017234957,28.479305
261426,36,26.6268649716212,54.5522442170476,28.434175
261451,36,25.7794948633105,100.0,25.955276
261476,36,28.2174894032046,100.0,29.401585
261501,36,36.59355724509,98.2360223095425,36.20106
261526,36,41.3623249947272,0.0,42.558857
261551,36,45.3480341620385,0.0,45.795773
261576,36,43.7530123934556,0.0,44.213764
261601,36,42.3098956517543,0.0,41.80571
261626,36,40.4835921355558,0.0,40.43149
261651,36,37.5543205586263,0.0,38.44398
261676,36,35.2850002241773,0.0,34.446297
261701,36,32.7920685331161,0.0,32.776245
261726,36,29.8466273494678,16.4021211114002,30.047802
261751,36,27.3936266437234,69.0594289278891,26.640606
261776,36,23.7190482078397,100.0,25.074434
261801,36,28.8696608666822,100.0,29.519268
261826,36,36.5112951447143,86.5863180492541,36.436657
261851,36,41.9296214011815,0.0,42.09598
261876,36,44.9512274152849,0.0,45.379753
261901,36,43.7828799548183,0.0,43.685764
261926,36,41.6524135501595,0.0,41.90363
261951,36,39.8307347411586,0.0,39.337875
261976,36,37.773607222094,0.0,37.789024
262001,32,35.1887783593214,0.0,35.489567
262026,32,32.367332955952,0.0,32.381775
262051,32,29.4598579755365,0.0,29.309286
262076,32,26.0423265804704,4.46395233831763,26.291813
262101,32,22.2207940892053,65.558301709238,22.301292
262126,32,17.024501659451,100.0,17.849506
262151,32,24.9550002341579,100.0,25.750134
262176,32,34.6142046338034,85.0665110180444,34.563206
262201,32,39.9850364649103,0.0,40.57292
262226,32,43.8420074742601,0.0,43.43303
262251,32,42.3264726647037,0.0,42.734333
262276,32,39.6869718934004,0.0,40.43585
262301,32,37.4864194354992,0.0,36.873215
262326,32,35.1629489364317,0.0,35.064373
262351,32,32.1778886610096,0.0,32.60196
262376,32,29.4999183744359,0.0,28.963789
262401,45,26.534588989256,3.72673683476307,26.548534
262426,45,22.8611034414268,100.0,23.22807
262451,45,18.299646377822,100.0,15.785043
262476,45,30.5637420630973,100.0,31.674492
262501,45,37.6835411319055,100.0,37.943348
262526,45,42.7308033166398,90.0176569992671,43.389755
262551,45,47.1142865433659,0.0,47.390366
262576,45,50.01932967125,0.0,50.41026
262601,45,47.8777360977261,0.0,48.582718
262626,45,47.0620188466603,0.0,45.614025
262651,45,44.6381786051439,0.0,45.1392
262676,45,43.0193154818867,0.0,42.076912
262701,45,40.474349615713,0.0,41.090157
262726,45,38.7894490355197,40.1316137454025,37.757507
262751,45,36.3911096429582,70.2598582088869,36.07291
262776,45,36.4847561356653,100.0,36.516182
262801,45,39.2873001913819,100.0,40.019768
262826,45,44.077409495518,61.4156636447492,44.40861
262851,45,48.0328665238106,0.0,48.255352
262876,45,49.586516122995,0.0,49.466087
262901,45,47.8094106734263,0.0,47.96225
262926,45,45.9457083586772,0.0,45.708
262951,45,43.9528070723422,0.0,43.886417
262976,45,42.4790366773602,0.0,41.790726
263001,45,40.3377032948549,4.3546884845119,40.590473
263026,45,37.9214398201886,42.6369532630093,37.85271
263051,45,35.2386586333036,85.8386309256684,34.91342
263076,45,35.2105464835416,100.0,35.89505
263101,45,39.6417166512412,100.0,39.747307
263126,45,44.7589324139992,55.1513281283892,44.809696
263151,45,48.5546452248614,0.0,48.966244
263176,45,49.4988490964947,0.0,49.517143
263201,24,47.7403086573499,0.0,47.786686
263226,24,46.3483784933685,0.0,45.644016
263251,24,43.8277287367853,0.0,44.354134
263276,24,42.6999924132753,0.0,41.16718
263301,24,40.265525710755,0.0,40.860588
263326,24,38.0392255452633,0.0,37.65073
263351,24,35.6317916744097,0.0,35.598427
263376,24,33.0400265531981,0.0,32.99635
263401,24,29.8025118271931,0.0,30.205107
263426,24,27.5300638372292,0.0,26.326885
263451,24,23.5129987978334,0.0,24.94119
263476,24,19.173678903256,0.0,19.240232
263501,24,13.8952893093229,45.2969378071479,14.566378
263526,24,5.16211969901815,100.0,8.828295
263551,24,15.8325024366878,100.0,16.404293
263576,24,29.7099403099322,100.0,30.895847
263601,46,36.7315156364029,0.0,37.383503
263626,46,42.4689262617509,100.0,42.355564
263651,46,39.9896890522605,22.2514181526433,41.488705
263676,46,44.7694116319615,66.576090123253,43.860325
263701,46,44.1250417918784,0.0,44.53493
263726,46,45.5776201690027,0.0,45.668694
263751,46,43.0519694138825,0.0,44.06002
263776,46,41.7464473289002,11.8602673626369,40.37898
263801,46,39.599008004104,35.2034098736506,39.376743
263826,46,37.4984545372038,73.5988942870416,37.414337
263851,46,37.0227599602233,100.0,37.414295
263876,46,39.7158266161718,100.0,40.644615
263901,46,44.3863372314436,71.5669387728935,44.77009
263926,46,48.6770882332405,0.0,48.76441
263951,46,49.9001549847123,0.0,51.060772
263976,46,49.0418149256765,0.0,48.21725
264001,24,47.4302666084625,0.0,47.051254
264026,24,45.0563004718896,0.0,45.367268
264051,24,43.2816060817424,0.0,42.546196
264076,24,40.931088211199,0.0,41.299282
264101,24,39.039631776097,0.0,38.40202
264126,24,36.9730136261088,0.0,36.9243
264151,24,34.0996786835991,0.0,34.672066
264176,24,31.7308604615327,0.0,31.00998
264201,24,28.7825590514808,0.0,29.092983
264226,24,25.1843294913117,0.0,25.569307
264251,24,21.4133356486362,0.0,21.322857
264276,24,16.6416614106711,5.15818743353314,17.351538
264301,24,9.33170079500956,90.4579495650468,11.989471
264326,24,0.575813614078024,100.0,0.3829639
264351,24,25.6979165146747,100.0,25.454489
264376,24,34.8323886495521,0.0,35.126087
264401,45,40.1612372776591,0.0,41.21571
264426,45,38.2367949670117,45.4979764636201,39.38397
264451,45,35.9225978956986,79.908765955748,35.24262
264476,45,36.5940674408841,100.0,36.876198
264501,45,40.9541974815189,100.0,40.701103
264526,45,44.9957266899604,31.3922359935662,45.93111
264551,45,49.2388254622434,0.0,49.180496
264576,45,48.1836558854377,0.0,48.01548
264601,45,46.9429719129522,0.0,46.187477
264626,45,44.9742275289995,0.0,44.95491
264651,45,43.1104445744697,0.0,42.84403
264676,45,40.4398894337283,0.0,41.060383
264701,45,38.6241996315899,40.5774937312916,37.60437
264726,45,36.0409069924779,73.0436766046228,35.84072
264751,45,36.3574892632545,100.0,36.329624
264776,45,39.3129954189315,100.0,40.118645
264801,42,43.7365611920328,60.787858749067,44.43965
264826,42,48.2808488412423,0.0,47.897827
264851,42,49.4385026618953,0.0,49.632664
264876,42,47.6542339601006,0.0,47.759888
264901,42,46.3095655547521,0.0,45.55643
264926,42,44.5086966264169,0.0,44.32416
264951,42,42.2728853431206,0.0,42.503162
264976,42,39.8261517201172,0.0,39.865253
265001,42,37.7300275049026,0.0,37.195427
265026,42,35.5791255453332,35.4105593241301,35.40881
265051,42,32.61534003973,73.8679769617279,32.712402
265076,42,32.5567476302882,100.0,32.687634
265101,42,36.9023126368855,100.0,36.858322
265126,42,42.1004551880229,50.2754054711417,42.530342
265151,42,45.9725967424991,0.0,46.544872
265176,42,47.0643877337725,0.0,46.72147
265201,31,45.0287022422106,0.0,45.448055
265226,31,43.2358014074402,0.0,42.836884
265251,31,40.595897180906,0.0,41.241238
265276,31,38.8079871907747,0.0,37.79081
265301,31,37.1353831788723,0.0,36.787918
265326,31,34.4085071977457,0.0,35.20732
265351,31,31.3357589557285,0.0,31.459892
265376,31,28.332904413984,0.0,28.030651
265401,31,24.5773122320758,6.69310218034369,25.06377
265426,31,21.0924413311068,73.8305867743193,20.592163
265451,31,16.2262504967461,100.0,16.571503
265476,31,26.4269125087453,100.0,26.776714
265501,31,34.2687942756003,40.8421539793008,35.20824
265526,31,40.7493374976343,0.0,40.232685
265551,31,41.3959269645195,0.0,41.06137
265576,31,38.3652008966632,0.0,39.88473
265601,35,36.3029465626577,0.0,35.169643
265626,35,33.9340210047702,0.0,33.99944
265651,35,31.0317206447433,0.0,31.317968
265676,35,27.596648287544,29.9690010621666,27.884197
265701,35,24.3040227058677,91.3802548242883,23.98398
265726,35,24.1293301123064,100.0,22.942217
265751,35,32.3468456664388,100.0,32.951977
265776,35,39.0536610902741,6.53862859894121,39.111496
265801,35,43.5987354045325,0.0,44.227135
265826,35,41.4403796882182,0.0,42.56716
265851,35,40.0035778740912,0.0,39.09745
265876,35,37.437150320433,0.0,38.196342
265901,35,34.9376529174793,0.0,34.669857
265926,35,32.6457048410148,0.0,32.208553
265951,35,29.0431772951013,1.14048900142819,30.089367
265976,35,26.1197903167904,65.5412073639935,25.202057
266001,21,22.6306038509311,100.0,21.98831
266026,21,28.3896738291615,0.0,28.45317
266051,21,35.731258962529,0.0,35.473488
266076,21,32.9531148178985,0.0,35.393593
266101,21,30.4790457120948,0.0,29.9417
266126,21,27.2380619069406,0.0,27.72954
266151,21,23.8589277963231,0.0,23.733654
266176,21,19.5377108876867,0.0,20.190714
266201,21,14.2729361544962,0.0,14.948176
266226,21,7.23038185776871,79.2199165902653,9.221006
266251,21,0.109319673345424,100.0,0.0
266276,21,23.6834701207618,100.0,23.494738
266301,21,33.3625062839238,0.0,33.94639
266326,21,39.2361323899753,0.0,40.14385
266351,21,37.159253372177,0.0,38.568222
266376,21,34.7112928524464,0.0,34.85048
266401,48,32.1816860224864,0.0,32.028503
266426,48,29.5504905251397,100.0,29.396791
266451,48,25.6660371267968,100.0,23.523874
266476,48,34.5755884085399,100.0,35.116394
266501,48,40.3745546778515,100.0,40.999584
266526,48,45.3852441881802,95.3920192648,45.52244
266551,48,48.4168196919628,5.84388312779591,49.757385
266576,48,52.4355772794003,0.0,51.721474
266601,48,50.6033361146793,0.0,51.17118
266626,48,48.9288789215462,0.0,48.407158
266651,48,47.0120115289953,0.0,46.80966
266676,48,45.2408489479411,0.0,44.911522
266701,48,43.1152541560757,8.41369870324704,43.218678
266726,48,41.8203443984234,46.4151965106897,40.46841
266751,48,39.0229834458682,69.5731997933225,39.498463
266776,48,39.8076274078548,100.0,39.14451
266801,35,42.2025428935548,100.0,42.994865
266826,35,46.1127773371011,0.0,46.900085
266851,35,49.5696708510568,0.0,49.99387
266876,35,48.6306296645049,0.0,48.22869
266901,35,47.0135279465322,0.0,46.639584
266926,35,44.8036848839516,0.0,44.962437
266951,35,43.027800571808,0.0,42.445717
266976,35,40.803876023766,0.0,41.045807
267001,35,38.631082833789,0.0,38.392826
267026,35,36.3294292057803,0.0,36.246597
267051,35,34.0707892938975,0.0,33.800602
267076,35,31.2397509442912,0.0,31.560019
267101,35,27.9676440436551,26.1784607671376,28.161451
267126,35,25.0351294279048,84.6762176019122,24.553928
267151,35,23.7699800148605,100.0,23.176397
267176,35,31.4847828059984,100.0,31.800821
267201,27,38.1444036677552,21.8737668224494,38.35922
267226,27,42.9262860115199,0.0,43.39735
267251,27,42.313109837169,0.0,41.69573
267276,27,39.4091202247507,0.0,40.569054
267301,27,37.3949332058118,0.0,36.343376
267326,27,35.0442094071544,0.0,35.14759
267351,27,32.3919411991614,0.0,32.456352
267376,27,29.6747838905759,0.0,29.49356
267401,27,26.3226272432479,0.0,26.688213
267426,27,22.7761894669608,0.0,22.704351
267451,27,18.2917103112737,34.3584804281438,18.939548
267476,27,12.2400396440749,100.0,13.928184
267501,27,14.7998718310444,100.0,14.945248
267526,27,29.5035919766661,100.0,30.432781
267551,27,37.0771058908086,0.0,37.282734
267576,27,41.922988625557,0.0,42.735737
267601,28,40.2040946981413,0.0,41.02049
267626,28,37.8006802056318,0.0,38.261276
267651,28,35.9050887555671,0.0,35.19062
267676,28,33.2625837011936,0.0,33.75467
267701,28,29.9172307810891,0.0,30.382063
267726,28,27.0235077032095,0.0,26.341139
267751,28,23.0002598084323,0.0,23.84418
267776,28,18.9433324154004,48.172410756192,18.716564
267801,28,13.4785058630063,100.0,14.5408325
267826,28,19.2958216543458,100.0,20.490625
267851,28,31.336099371394,100.0,31.98335
267876,28,37.6815960904896,0.0,38.54756
267901,28,42.9724410689016,0.0,43.046116
267926,28,41.1591517914589,0.0,42.10421
267951,28,38.5925405397825,0.0,39.137882
267976,28,36.6162973830801,0.0,35.83658
268001,30,34.4644936385469,0.0,34.396957
268026,30,31.5592120034077,0.0,32.058308
268051,30,28.8536868033643,0.0,28.41413
268076,30,25.1912336318162,0.0,25.869904
268101,30,21.370153888362,44.6929931992945,21.269306
268126,30,16.3265597663368,100.0,17.209444
268151,30,20.0316192250568,100.0,20.989038
268176,30,32.0605683373519,100.0,32.34636
268201,30,38.1290936528784,0.0,39.13004
268226,30,43.3350471864968,0.0,43.37807
268251,30,41.125972111141,0.0,42.443188
268276,30,38.8853001669554,0.0,38.73212
268301,30,36.7237174842398,0.0,36.439377
268326,30,34.416239510062,0.0,34.330803
268351,30,31.5831533618871,0.0,31.86289
268376,30,28.8153968893298,0.0,28.506336
268401,23,26.2339452545756,0.0,25.772594
268426,23,21.7366568275537,0.0,23.341
268451,23,16.343434147962,0.0,17.000105
268476,23,10.2220309143573,77.6754421169033,10.97442
268501,23,0.0,100.0,1.5439492
268526,23,23.6064139992161,100.0,23.121996
268551,23,33.6569118668053,0.0,33.920414
268576,23,39.3257032975119,0.0,40.446808
268601,23,36.7384430936926,0.0,38.624313
268626,23,34.2065828079481,0.0,33.944565
268651,23,32.3016200036708,0.0,31.439716
268676,23,28.9398197392778,0.0,30.106506
268701,23,25.8672610716686,0.0,25.338495
268726,23,21.9647386386049,0.0,22.50791
268751,23,17.4545647456317,0.0,17.784492
268776,23,11.3554851492728,57.7500582961446,12.703499
268801,28,0.0,100.0,4.655401
268826,28,18.6791823851663,100.0,18.75381
268851,28,31.1179474231343,100.0,32.097145
268876,28,38.0571954128552,0.0,38.403435
268901,28,43.1795587285023,0.0,43.458286
268926,28,40.3849761435353,0.0,42.28
268951,28,38.9003995760009,0.0,37.43204
268976,28,36.4719362050424,0.0,37.117374
269001,28,33.910226246573,0.0,33.82504
269026,28,31.6443169524578,0.0,31.11228
269051,28,28.3518799636672,0.0,29.102549
269076,28,25.2251724748724,0.0,24.810064
269101,28,20.6301086040117,8.1889633448056,21.808407
269126,28,15.936044322146,90.332257818192,16.121536
269151,28,8.88700727391383,100.0,8.857442
269176,28,26.2616510258867,100.0,27.212465
269201,27,34.8028974692362,0.0,35.00505
269226,27,40.8992516241513,0.0,41.084995
269251,27,38.8210358346239,0.0,40.213905
269276,27,36.2766828563498,0.0,36.527557
269301,27,34.4405839187964,0.0,33.518635
269326,27,30.9862411722229,0.0,32.33164
269351,27,28.1804656956317,0.0,27.31809
269376,27,23.9656486396759,0.0,25.095522
269401,27,20.5153900203145,12.7989052467474,19.51105
269426,27,15.1968365753326,74.4794163794071,17.00381
269451,27,8.3200854275393,100.0,10.151518
269476,27,22.7680402342073,100.0,24.333855
269501,27,33.8823384532375,34.3002602920397,33.43073
269526,27,39.7735813420108,0.0,40.485107
269551,27,39.1694104020694,0.0,39.652912
269576,27,36.92906071192,0.0,37.523376
269601,34,33.9654231788019,0.0,34.463974
269626,34,31.1128459498092,0.0,30.789307
269651,34,28.360933343506,10.1736679483633,28.012985
269676,34,25.2598412140428,59.3708978159358,25.187485
269701,34,20.8820843413961,100.0,22.213081
269726,34,26.2730220249329,100.0,26.250963
269751,34,34.9297474679619,96.7569996598706,35.221283
269776,34,40.1218342406773,0.0,41.180492
269801,34,44.9071013795799,0.0,44.63738
269826,34,43.0040244664394,0.0,43.905018
269851,34,40.8647589432179,0.0,40.916515
269876,34,38.8060681723253,0.0,38.53408
269901,34,36.2550440443292,0.0,36.530827
269926,34,33.8681330687507,0.0,33.4905
269951,34,31.8022506743839,0.0,31.23448
269976,34,28.4812114469426,0.0,29.450535
270001,42,24.5218647904128,57.2130814979511,24.913742
270026,42,21.6362515095303,100.0,19.930756
270051,42,26.1592987275884,100.0,26.146175
270076,42,35.0721439585536,100.0,35.18363
270101,42,40.7097140518032,82.5394340841238,41.4058
270126,42,44.9617053059801,0.0,45.619606
270151,42,47.3845098153077,0.0,47.939182
270176,42,45.6537934434486,0.0,45.956215
270201,42,44.5876159578662,0.0,43.62612
270226,42,42.3152139696146,0.0,42.70015
270251,42,40.6852077961287,0.0,39.87352
270276,42,38.0966235712084,0.0,38.812508
270301,42,35.2910019566411,28.4642283080559,35.31502
270326,42,33.15434754793,78.6238973614946,32.219746
270351,42,31.7012002674396,100.0,32.059105
270376,42,36.8497984108068,100.0,36.196262
270401,22,41.5250814676314,50.8212309849453,42.557026
270426,22,46.4291372060794,0.0,45.957165
270451,22,46.7007994179123,0.0,47.17628
270476,22,45.3718422410123,0.0,44.965748
270501,22,43.4656793180388,0.0,43.41779
270526,22,41.5668049874931,0.0,41.379585
270551,22,39.4060372026567,0.0,39.46964
270576,22,37.2312335330544,0.0,37.040585
270601,22,34.6715311132377,0.0,34.830906
270626,22,31.9906202358806,0.0,31.88306
270651,22,28.360376691331,0.0,29.061249
270676,22,25.493614035098,0.0,24.500343
270701,22,21.1975482724094,0.0,22.324455
270726,22,16.4653339905692,0.0,16.643476
270751,22,9.89017217438545,57.2412406017192,11.54243
270776,22,0.0,100.0,2.814763
270801,42,18.686874167251,100.0,18.61117
270826,42,31.2216838297873,100.0,32.099976
270851,42,37.7476695605,100.0,38.494564
270876,42,43.0751109837449,34.4929560782654,43.395573
270901,42,47.2690243253537,0.0,47.606747
270926,42,46.4815350998935,0.0,46.612602
270951,42,44.4562351085555,0.0,44.581123
270976,42,42.8592039789515,0.0,42.268696
271001,42,41.1362272939983,0.0,40.93862
271026,42,39.4740988122123,0.0,39.196945
271051,42,36.9201660933241,3.61180187646679,37.5763
271076,42,33.975359644749,49.2692914091385,34.075325
271101,42,30.9237493464967,100.0,30.456202
271126,42,32.2394314910657,100.0,32.604843
271151,42,39.3371792268722,100.0,38.4991
271176,42,44.4694220876995,6.14502853974646,44.738266
271201,37,47.6537968231638,0.0,48.797592
271226,37,45.7956514077928,0.0,46.365532
271251,37,44.1873409393632,0.0,43.74182
271276,37,42.2230718770506,0.0,42.224525
271301,37,40.6964808128972,0.0,40.070816
271326,37,38.5112145184497,0.0,38.852764
271351,37,36.1761486599711,0.0,36.113777
271376,37,33.2133969240156,0.0,33.614315
271401,37,30.2342896421681,26.147828857612,30.030626
271426,37,27.3581711411561,79.4082795043723,27.051458
271451,37,25.8096239295397,100.0,25.790594
271476,37,32.3186149318764,100.0,31.993473
271501,37,38.5749896373785,42.2158890465496,38.98134
271526,37,43.3312143707225,0.0,43.63462
271551,37,44.0484367782224,0.0,43.61918
271576,37,41.9309323632128,0.0,42.467243
271601,22,39.8463589605106,0.0,39.63138
271626,22,38.0694409253927,0.0,37.557087
271651,22,35.2155586372826,0.0,36.052383
271676,22,32.1088267838785,0.0,32.155296
271701,22,29.76851863032,0.0,28.77939
271726,22,26.7643871212749,0.0,27.13798
271751,22,22.5510435776753,0.0,23.478441
271776,22,17.4304401933711,0.0,18.084719
271801,22,12.6957063850451,40.0158071181388,12.18151
271826,22,1.70672144625449,100.0,8.1029
271851,22,13.0854175546116,100.0,13.279754
271876,22,28.9974183152186,100.0,30.284874
271901,22,36.4944252983902,0.0,36.97076
271926,22,42.525240716904,0.0,42.232838
271951,22,39.2082865573253,0.0,41.780518
271976,22,37.7065862646206,0.0,35.75142
272001,48,35.6201005930701,0.0,35.934113
272026,48,32.0608016688837,100.0,33.28697
272051,48,29.6314324858845,100.0,25.909256
272076,48,36.9956700693576,100.0,37.037727
272101,48,42.3892276651998,100.0,42.850204
272126,48,46.6850790369109,58.6882737818414,47.238438
272151,48,50.5492554836435,0.0,50.5958
272176,48,51.4441711841724,0.0,51.657555
272201,48,49.5498816967581,0.0,49.6647
272226,48,47.9699558396718,0.0,47.37604
272251,48,45.8695439543627,0.0,45.89549
272276,48,44.4803886184326,0.0,43.625294
272301,48,42.2531630498163,21.3124013800964,42.544006
272326,48,40.1985504769098,61.1323383048876,39.5061
272351,48,38.5295688983798,97.8720574795166,38.378647
272376,48,40.8823370147417,100.0,40.787815
272401,42,45.1480977105802,85.6900052149409,45.582138
272426,42,49.3057492880856,0.0,49.359028
272451,42,51.4867041132926,0.0,52.321102
272476,42,49.981224691948,0.0,49.897964
272501,42,48.3424378045343,0.0,47.856983
272526,42,46.9792253558284,0.0,46.24701
272551,42,44.1573132317107,0.0,44.97024
272576,42,42.8656836788232,0.0,41.216167
272601,42,40.458132567646,0.0,40.99469
272626,42,38.2480254096416,0.0,37.870613
272651,42,36.3179193071715,25.449264911017,35.82456
272676,42,33.3239923564547,59.958738012894,33.894886
272701,42,31.9433536529036,100.0,32.042027
272726,42,34.8325223162416,100.0,35.12271
272751,42,40.5577780434763,86.5676448891078,40.730972
272776,42,45.2525120360439,0.0,45.51194
272801,38,48.2178019422289,0.0,48.47831
272826,38,46.4274153268091,0.0,46.844814
272851,38,44.6231851474283,0.0,44.366272
272876,38,42.5218015232135,0.0,42.61382
272901,38,40.477569363668,0.0,40.24332
272926,38,38.4185136380616,0.0,38.232594
272951,38,35.7627856952503,0.0,36.13907
272976,38,33.4428928231209,0.0,32.894688
273001,38,30.3636705798735,39.8482434191024,30.868155
273026,38,27.4905475195802,94.9000616117823,26.742233
273051,38,28.9758624825634,100.0,28.435959
273076,38,35.5300306208606,100.0,35.782677
273101,38,40.9392516824388,2.61529311456896,41.596897
273126,38,45.2690860051461,0.0,45.66521
273151,38,44.0660799571848,0.0,44.26292
273176,38,42.1527838127933,0.0,42.17252
273201,43,39.7857624082241,0.0,40.04785
273226,43,37.2096284910809,15.8768430269823,37.22974
273251,43,35.1141037575707,61.9327982898519,34.149094
273276,43,33.1290629492402,99.403924750322,32.72642
273301,43,35.5168500145041,100.0,36.243214
273326,43,41.0419954349508,92.246608357959,41.18604
273351,43,45.8833199461972,0.0,45.993683
273376,43,48.864634825397,0.0,49.40621
273401,43,47.4943040069508,0.0,47.474407
273426,43,45.0593099005459,0.0,45.468338
273451,43,43.1402098446513,0.0,42.49173
273476,43,42.0358181317498,0.0,41.039093
273501,43,39.0931423267151,0.0,40.2206
273526,43,36.2645446639195,28.3085350471357,35.98781
273551,43,34.2327933900044,78.8789091522834,33.195644
273576,43,32.2737025470239,100.0,33.04383
273601,28,37.8074311461776,100.0,36.611706
273626,28,42.5376712089799,0.0,43.36648
273651,28,47.4468270212751,0.0,46.979755
273676,28,45.3119111337735,0.0,46.386066
273701,28,43.4563594235427,0.0,43.0296
273726,28,41.4493921598362,0.0,41.41668
273751,28,39.3813588893091,0.0,39.249203
273776,28,37.1365709132623,0.0,37.103043
273801,28,34.7426796704339,0.0,34.66937
273826,28,32.6372455959172,0.0,32.111153
273851,28,29.3095690639034,0.0,30.256567
273876,28,25.8219891465966,0.0,25.744091
273901,28,21.2200926707774,0.0,22.071125
273926,28,16.4556762050286,79.4504478965443,16.383081
273951,28,10.2821377275807,100.0,9.119692
273976,28,24.5939084266531,100.0,25.608698
274001,43,34.4962179431289,19.228280284982,34.282837
274026,43,40.1697312955472,100.0,40.749794
274051,43,38.2261828184258,8.96346448121487,40.938656
274076,43,42.8771691386051,43.7110517168874,42.264046
274101,43,40.7628605329806,0.0,41.3517
274126,43,41.6327539524593,0.0,40.944206
274151,43,39.0963339099166,0.0,40.148327
274176,43,37.2980721661366,28.1770996379333,36.373837
274201,43,34.8807921857402,60.3302116824776,34.807003
274226,43,33.3611331629932,100.0,34.232582
274251,43,36.1160840220212,100.0,36.402065
274276,43,41.641722909659,81.5134394143876,41.75706
274301,43,46.4343075678456,0.0,46.434525
274326,43,49.3723405324719,0.0,49.41849
274351,43,46.4972319585973,0.0,47.960255
274376,43,44.7993427112753,0.0,43.52925
274401,31,43.2861954524455,0.0,42.80307
274426,31,41.4016482083374,0.0,41.36646
274451,31,39.23049456804,0.0,39.316345
274476,31,36.6405544103685,0.0,36.853508
274501,31,34.3222838586863,0.0,33.843174
274526,31,31.5507392426783,0.0,31.75783
274551,31,28.6977026421159,0.0,28.531588
274576,31,24.8148533973098,0.0,25.573368
274601,31,21.3042386051716,68.9170963314848,20.681509
274626,31,16.3729563239105,100.0,16.275396
274651,31,24.7911730724723,100.0,26.112265
274676,31,33.9678122843345,69.4121520942666,34.478386
274701,31,40.2172292563475,0.0,40.03229
274726,31,42.9026709399564,0.0,42.997116
274751,31,40.193077971059,0.0,41.649445
274776,31,38.6229931859458,0.0,37.31831
274801,24,35.5030316924355,0.0,36.800106
274826,24,33.2105733344242,0.0,32.194912
274851,24,30.7588127206073,0.0,30.659376
274876,24,28.2242822646587,0.0,28.033104
274901,24,23.7796427295795,0.0,25.395353
274926,24,20.0424138609774,0.0,19.108488
274951,24,14.832719590583,29.0155550177783,15.998785
274976,24,6.97555511283982,100.0,10.16219
275001,24,9.77643319552028,100.0,9.814557
275026,24,28.0590426385222,100.0,29.27652
275051,24,35.5223691051654,0.0,36.402744
275076,24,41.4163635622833,0.0,41.45176
275101,24,39.8280523317947,0.0,40.684975
275126,24,37.4422549199445,0.0,37.98743
275151,24,34.5236052818139,0.0,34.845226
275176,24,32.0545469229065,0.0,31.395433
275201,39,28.4040999736259,0.0,29.325438
275226,39,26.345676351929,100.0,24.525467
275251,39,21.9324449816969,100.0,19.796776
275276,39,32.1974656758224,100.0,33.359108
275301,39,39.1463156574489,79.8780478305794,39.113407
275326,39,43.0921711324159,0.0,44.348167
275351,39,46.6572782603198,0.0,45.93887
275376,39,44.9296130203486,0.0,45.42078
275401,39,42.7780271072812,0.0,42.924297
275426,39,40.8942257173669,0.0,40.45478
275451,39,38.2225817388545,0.0,38.80457
275476,39,35.6209416191347,0.0,35.36396
275501,39,33.5218612877758,18.6459690056486,32.802395
275526,39,30.9285409682863,56.1749791635291,30.971012
275551,39,29.1096440721921,100.0,28.794724
275576,39,30.9783125780432,100.0,32.16473
275601,41,38.2843733547312,100.0,37.59137
275626,41,43.2181361832743,6.86908947737408,43.89232
275651,41,46.697507649283,0.0,47.628555
275676,41,45.2708931277308,0.0,45.44169
275701,41,43.4514810478273,0.0,43.304157
275726,41,41.4397994210322,0.0,41.43765
275751,41,39.7441295861907,0.0,39.235077
275776,41,37.2514934493485,0.0,37.818493
275801,41,34.776388142698,25.30569016742,34.551884
275826,41,32.2182637258933,69.5570158854578,31.990095
275851,41,30.7877623789698,100.0,30.730959
275876,41,34.5921981016714,100.0,34.96313
275901,41,40.833108042419,72.9087372392911,40.61613
275926,41,45.0761068804805,0.0,45.85322
275951,41,47.2709268569452,0.0,47.604103
275976,41,45.5586279696614,0.0,45.81221
276001,46,43.9940188917074,0.0,43.536858
276026,46,41.7344569701512,0.0,42.04421
276051,46,40.0372045136801,34.6009804339022,39.299084
276076,46,36.9596261481621,64.9494027833002,37.335308
276101,46,37.3899593799144,100.0,36.421352
276126,46,39.096030501608,100.0,40.523033
276151,46,44.3662530795709,81.8284383255162,44.180035
276176,46,47.8915412808497,0.0,48.769707
276201,46,50.5209247613119,0.0,50.667393
276226,46,48.8541803662412,0.0,49.028126
276251,46,47.4646198667005,0.0,46.738503
276276,46,45.4035661124235,0.0,45.436462
276301,46,43.6091615483549,0.0,43.191673
276326,46,41.3069037224897,1.15246364959791,41.612022
276351,46,39.0150706141478,42.3109467343957,38.81371
276376,46,36.8332289439839,83.2885040550015,35.885963
276401,25,37.4911334167363,100.0,37.47154
276426,25,41.2085889854969,0.0,41.59557
276451,25,45.728802644627,0.0,45.67186
276476,25,43.6359481304145,0.0,44.662395
276501,25,42.239065199853,0.0,41.376587
276526,25,39.6587099091442,0.0,40.370308
276551,25,37.8312194175383,0.0,36.900406
276576,25,35.0957254605417,0.0,35.764133
276601,25,32.53550965906,0.0,32.14583
276626,25,29.6515136459164,0.0,29.725298
276651,25,26.0560776626711,0.0,26.507505
276676,25,22.8094519169698,0.0,22.20591
276701,25,17.8746669884328,0.0,19.25565
276726,25,12.2964733750245,85.521117782365,12.757308
276751,25,2.12473919814069,100.0,3.331423
276776,25,24.9796924640751,100.0,24.866444
276801,24,33.3908511802091,0.0,34.378944
276826,24,39.5852564362067,0.0,39.961697
276851,24,37.0556094391043,0.0,38.954807
276876,24,35.7933592978657,0.0,34.319183
276901,24,33.0507492720387,0.0,34.14188
276926,24,30.3632000180834,0.0,30.073795
276951,24,26.8333456168734,0.0,27.411373
276976,24,23.6024553228155,0.0,23.052715
277001,24,18.7208340293144,0.0,20.071367
277026,24,13.0530482728761,52.462186113879,13.642009
277051,24,4.2695133022801,100.0,7.282907
277076,24,17.3801266509864,100.0,18.353376
277101,24,30.8707780996762,76.5119184133325,31.49269
277126,24,37.5840946390881,0.0,37.651188
277151,24,40.8145099412354,0.0,40.79924
277176,24,39.630619702598,0.0,39.70564
277201,32,36.702207705262,0.0,37.876457
277226,32,34.4087206211697,0.0,33.586525
277251,32,31.5069448162819,0.0,31.86848
277276,32,27.6810982638367,0.0,28.364645
277301,32,24.9380038533351,35.2576082835148,23.629995
277326,32,20.0984183634491,84.3005810875647,21.6968
277351,32,21.3105663065225,100.0,21.25478
277376,32,30.2040527271429,100.0,30.556528
277401,32,37.4468123800711,0.0,37.386974
277426,32,42.1907395478991,0.0,42.993504
277451,32,40.536377124321,0.0,41.264965
277476,32,38.1613813695721,0.0,38.64784
277501,32,35.9749088925139,0.0,35.58168
277526,32,33.3294491153619,0.0,33.55109
277551,32,30.7530366468717,0.0,30.446806
277576,32,27.5473733004306,0.0,27.909817
277601,42,23.8092157746196,37.6511770574985,24.079323
277626,42,19.4419942229327,100.0,19.830008
277651,42,21.007671801476,100.0,20.898615
277676,42,32.157170521329,100.0,32.838245
277701,42,38.4561007152563,100.0,39.139126
277726,42,43.3252628359074,21.5865505587167,43.956833
277751,42,48.0088497525169,0.0,47.71904
277776,42,46.2534177380319,0.0,46.633553
277801,42,45.015933397938,0.0,44.203327
277826,42,42.062000381931,0.0,43.087616
277851,42,40.1770313188675,0.0,38.975605
277876,42,38.5267110675444,0.0,38.079136
277901,42,36.0235578120113,20.3025155641467,36.632156
277926,42,33.1406555407536,65.0545509190129,33.14597
277951,42,31.464039309624,100.0,30.792345
277976,42,34.7366374731634,100.0,35.13074
278001,46,40.7509441399509,88.1179390115309,40.686737
278026,46,44.5982560460177,52.1292944030494,45.714134
278051,46,47.7540342858261,0.0,47.756153
278076,46,48.3911672662784,0.0,48.54863
278101,46,47.030620918739,0.0,46.663578
278126,46,45.5694645838208,0.0,45.020485
278151,46,43.7074120247915,0.0,43.587975
278176,46,41.6609890203564,0.0,41.662918
278201,46,39.4609817639981,35.8721181977784,39.425716
278226,46,37.2288424346178,75.2074554285133,36.610847
278251,46,36.9108988774248,100.0,37.19134
278276,46,39.9984471111624,100.0,40.644753
278301,46,44.2604619141842,65.6576616469158,45.035873
278326,46,48.4416785110406,0.0,48.449127
278351,46,50.7684890008421,0.0,50.227592
278376,46,48.4929092268076,0.0,49.223225
278401,23,46.1947317350933,0.0,46.109707
278426,23,45.4268299171333,0.0,43.767372
278451,23,42.8165602800999,0.0,43.561996
278476,23,40.5622878310047,0.0,40.061497
278501,23,38.338212065755,0.0,38.12023
278526,23,36.9253137029793,0.0,35.902473
278551,23,34.1475077691903,0.0,35.213543
278576,23,31.0705894790928,0.0,31.148304
278601,23,27.9343432067364,0.0,27.758917
278626,23,25.0402524946687,0.0,24.535551
278651,23,20.3657731195404,0.0,21.840836
278676,23,15.8022305530154,5.13637445714503,15.460431
278701,23,8.40758453585842,86.7158948525167,11.333995
278726,23,0.0,100.0,0.0
278751,23,24.801894071695,100.0,24.718037
278776,23,34.2061565011713,0.0,34.47126
278801,21,40.4370951377553,0.0,40.77702
278826,21,37.9196381898395,0.0,39.786083
278851,21,35.7492407040834,0.0,35.203293
278876,21,32.6496797957736,0.0,33.33832
278901,21,29.9500382004254,0.0,29.33239
278926,21,26.9817551479465,0.0,26.982714
278951,21,23.0639537669419,0.0,23.73175
278976,21,19.2439864291221,0.0,18.880249
279001,21,13.4056151229203,0.0,15.116167
279026,21,4.81003435309489,93.6966789877043,8.468437
279051,21,0.0,100.0,0.0
279076,21,26.0782676639067,100.0,26.079271
279101,21,35.0297150768405,0.0,35.504597
279126,21,40.4528661071169,0.0,41.336147
279151,21,38.452137684838,0.0,39.68076
279176,21,36.0291626052226,0.0,36.227993
279201,28,33.6218306719751,0.0,33.383038
279226,28,30.5850468565896,0.0,30.966484
279251,28,27.8015538304424,0.0,27.30636
279276,28,24.1285407152128,0.0,24.733835
279301,28,20.3642413790243,27.0687727194644,20.186092
279326,28,15.2255313728379,94.3647309618017,16.639359
279351,28,13.3582025872069,100.0,13.74089
279376,28,27.7159946334663,100.0,28.966467
279401,28,35.7105122187141,0.0,35.81592
279426,28,41.5310524044052,0.0,41.694096
279451,28,39.0909430866175,0.0,40.785267
279476,28,37.1731597030908,0.0,36.459137
279501,28,34.8661145381802,0.0,35.01445
279526,28,32.5873037787988,0.0,32.317646
279551,28,29.5782122118728,0.0,30.04276
279576,28,25.9944114465474,0.0,26.3156
279601,21,22.1089489905038,0.0,22.154596
279626,21,17.7939464597387,0.0,17.946217
279651,21,11.5900718886579,15.1406910058348,13.212809
279676,21,0.60621058029208,100.0,6.7722306
279701,21,0.0,100.0,0.0
279726,21,27.1909603154171,100.0,27.37305
279751,21,35.4252640235367,0.0,36.445137
279776,21,40.5362286413949,0.0,41.513916
279801,21,38.7896417594329,0.0,39.715206
279826,21,36.7175642776461,0.0,36.808315
279851,21,33.8852242058325,0.0,34.40892
279876,21,31.686547092455,0.0,30.832024
279901,21,28.1777961858907,0.0,29.20855
279926,21,24.6822686746885,0.0,24.430428
279951,21,20.9139307838477,0.0,20.912565
279976,21,16.2705294494459,0.0,16.849665
280001,41,9.489964859984,42.2447452866931,11.421309
280026,41,0.0,100.0,3.4766283
280051,41,14.275168337277,100.0,13.770778
280076,41,29.0315587169156,100.0,30.641684
280101,41,36.3457357808015,100.0,36.906796
280126,41,42.4430904926112,41.1731639754544,42.318523
280151,41,46.4059405368774,0.0,47.062626
280176,41,46.0145962810072,0.0,46.4278
280201,41,44.5365398350296,0.0,44.192894
280226,41,42.7895349240153,0.0,42.584057
280251,41,40.3141262108033,0.0,40.82817
280276,41,38.5693440695058,0.0,37.66123
280301,41,36.0504903783259,1.39828971541109,36.58754
280326,41,33.1792404187391,46.428517563327,33.298344
280351,41,30.8199556995651,97.7637543123259,29.644302
280376,41,31.682610538849,100.0,32.264996
280401,36,38.686914599999,100.0,37.795208
280426,36,43.1360062298372,0.0,44.19862
280451,36,47.2738578315633,0.0,47.45189
280476,36,45.6822427236436,0.0,46.10374
280501,36,44.0412724817781,0.0,43.676193
280526,36,41.7828180528676,0.0,42.077587
280551,36,39.6976409823343,0.0,39.34898
280576,36,37.0963773184166,0.0,37.406326
280601,36,34.6863674786632,0.0,34.292873
280626,36,32.4091100199586,0.0,32.039085
280651,36,29.7140410649196,22.1059848120308,29.864256
280676,36,26.0838666674333,70.2887899520301,26.79627
280701,36,24.093479661591,100.0,24.006023
280726,36,29.1143826108529,100.0,29.904522
280751,36,37.1529078341812,81.0738103296273,36.554806
280776,36,42.2485088738972,0.0,42.635174
280801,25,45.6049148297488,0.0,45.349865
280826,25,43.3106777975935,0.0,44.36935
280851,25,41.9967952632713,0.0,40.85832
280876,25,39.5827548774005,0.0,40.1489
280901,25,37.6378845588149,0.0,36.98042
280926,25,34.3456815058856,0.0,35.458275
280951,25,31.5590918925201,0.0,30.86374
280976,25,29.4364073394778,0.0,28.525854
281001,25,25.7927378369987,0.0,27.00762
281026,25,22.4633827070906,0.0,21.8945
281051,25,17.0646561165807,3.0889322012481,18.828182
281076,25,11.3994056907686,99.5971373987938,11.750424
281101,25,0.0,100.0,1.8285769
281126,25,26.7636912172183,100.0,26.989992
281151,25,35.1634333900991,0.0,36.065575
281176,25,41.3773353586589,0.0,41.340073
281201,50,39.0003714378177,0.0,40.69501
281226,50,36.9104861919835,100.0,36.427162
281251,50,33.4195948666403,100.0,31.84912
281276,50,40.1411486057733,100.0,39.03039
281301,50,45.5771473099359,100.0,45.39196
281326,50,48.2921250313237,36.973114928505,50.068928
281351,50,51.7453753707341,0.0,52.042736
281376,50,51.5325309553121,0.0,50.98991
281401,50,49.8767218394236,0.0,49.57035
281426,50,48.620262136982,0.0,47.731384
281451,50,46.6733404251102,0.0,46.578102
281476,50,44.8781831037353,17.3889101021449,44.5588
281501,50,43.4921048416427,49.4851731883708,42.148193
281526,50,40.6353020033971,74.2733711975253,41.907463
281551,50,41.8146134663876,100.0,40.954086
281576,50,44.6908614601005,100.0,45.128048
281601,27,48.4115255823859,52.9021930398099,49.119038
281626,27,51.9698919253192,0.0,52.141937
281651,27,52.2053340265077,0.0,52.571198
281676,27,50.5391911660534,0.0,50.29532
281701,27,49.0190176326033,0.0,48.37183
281726,27,47.2633621758696,0.0,46.92197
281751,27,45.5166028013231,0.0,45.1822
281776,27,43.7034215744714,0.0,43.490353
281801,27,41.5213239931054,0.0,41.693012
281826,27,39.7608349333607,0.0,39.156826
281851,27,36.6667428889189,0.0,37.7756
281876,27,34.5970760350322,0.0,33.394585
281901,27,32.0331037711862,0.0,32.269604
281926,27,29.233565000164,0.0,29.214352
281951,27,26.4640663949322,0.0,26.164974
281976,27,22.5587369350373,0.0,23.396215
282001,48,17.9851974303623,36.8746720203116,18.381754
282026,48,11.3989984772917,100.0,13.536551
282051,48,14.9948917860254,100.0,15.630041
282076,48,29.6534225169696,100.0,30.50496
282101,48,36.4816503764044,100.0,37.399807
282126,48,41.7455829853623,100.0,42.391037
282151,48,46.8567375260286,69.5998623793311,46.6636
282176,48,50.0667554164561,0.0,50.96842
282201,48,51.3816306625956,0.0,52.144814
282226,48,50.6989329539919,0.0,49.667397
282251,48,48.125120720534,0.0,48.686012
282276,48,46.6908881591812,0.0,45.457245
282301,48,44.9013320638912,0.0,44.679283
282326,48,43.5019888365804,13.1918694127086,42.886208
282351,48,40.8201688881303,38.2124192172089,41.01851
282376,48,38.470568825801,86.1605323670161,38.365284
282401,42,38.2994761218833,100.0,38.54685
282426,42,42.8208926927552,24.00722410321,42.39095
282451,42,46.3622717111642,0.0,47.21736
282476,42,45.7908118393993,0.0,44.86119
282501,42,43.6049473391342,0.0,43.946724
282526,42,41.7654763468047,0.0,41.25764
282551,42,39.5415041517736,0.0,39.725517
282576,42,37.5548204723939,1.79034335051031,37.117844
282601,42,35.3413637856167,37.3080977309054,35.30405
282626,42,32.3519836721971,76.8840932918866,32.436127
282651,42,32.1057403221837,100.0,32.64602
282676,42,37.2347271921679,100.0,36.61454
282701,42,42.2618679834392,43.1018600457818,42.866608
282726,42,46.3418099972388,0.0,46.72877
282751,42,46.6886491772998,0.0,46.528873
282776,42,44.483953434068,0.0,44.966187
282801,21,42.386432228972,0.0,42.12764
282826,21,40.3823544690774,0.0,40.110245
282851,21,38.2241513163022,0.0,38.17427
282876,21,36.1871014571792,0.0,35.849358
282901,21,33.5654111398861,0.0,33.906193
282926,21,30.7620557821802,0.0,30.707521
282951,21,27.8641953093597,0.0,27.705084
282976,21,24.2887755350774,0.0,24.689331
283001,21,20.7902111141299,0.0,20.43988
283026,21,15.2501260219975,0.0,16.978912
283051,21,7.86016308481971,60.4370398224173,9.932423
283076,21,0.0,100.0,0.0
283101,21,19.5106069452865,100.0,19.537558
283126,21,31.5242632045005,0.0,32.403053
283151,21,38.0969735423735,0.0,38.970554
283176,21,34.91825002665,0.0,37.568813
283201,47,33.4071116501019,0.0,31.548939
283226,47,30.2085636424339,100.0,31.59409
283251,47,27.6807754673331,100.0,24.010025
283276,47,35.1475358132914,100.0,36.080887
283301,47,41.0504740686543,100.0,41.357395
283326,47,45.8364419896485,64.1502517094165,46.10437
283351,47,49.2284493589433,0.0,49.918808
283376,47,50.5755517074126,0.0,50.830845
283401,47,49.5764851692931,0.0,48.890568
283426,47,46.8694348819445,0.0,47.54664
283451,47,45.9756805606646,0.0,44.063507
283476,47,43.7899889746805,0.0,44.073547
283501,47,41.800015633119,15.1811580662225,41.444695
283526,47,39.3481931305615,50.7594830975714,39.138325
283551,47,36.9488884423603,94.5980432940095,37.030262
283576,47,38.8410530401171,100.0,38.35241
283601,23,43.2943465055855,100.0,43.601707
283626,23,47.6258778265414,0.0,47.976467
283651,23,50.6600051783035,0.0,51.454117
283676,23,49.2558093135136,0.0,49.223118
283701,23,47.0523160233813,0.0,47.17024
283726,23,45.8413481622806,0.0,44.722706
283751,23,43.9969185630777,0.0,43.89194
283776,23,42.2657194300527,0.0,41.96367
283801,23,39.3775813151231,0.0,40.317406
283826,23,37.3465202411757,0.0,36.32647
283851,23,34.5889683004744,0.0,35.08279
283876,23,31.9469909226942,0.0,31.613249
283901,23,29.1117022770201,0.0,29.053871
283926,23,25.8979819765266,0.0,26.008213
283951,23,22.5204747332287,0.0,22.405922
283976,23,18.7910452101753,0.0,18.84047
284001,50,11.8290553180363,32.5396989350262,14.743628
284026,50,0.984804667602142,100.0,6.1253996
284051,50,9.86626507185796,100.0,9.282653
284076,50,27.9759551594428,100.0,29.482683
284101,50,36.4916519854174,100.0,36.32215
284126,50,41.6611922556838,100.0,42.530636
284151,50,45.823570560251,100.0,46.58561
284176,50,49.6048819060664,32.3709368737789,50.2077
284201,50,52.6800838512112,0.0,53.43695
284226,50,52.0715491245627,0.0,51.224762
284251,50,50.5579692121239,0.0,50.02852
284276,50,49.6244241707198,0.0,48.4147
284301,50,47.8642788980508,0.0,47.603745
284326,50,45.0873062265225,0.0,45.763927
284351,50,43.8223197862564,45.535833391632,42.19776
284376,50,42.2939697173157,68.1590231234905,40.921192
284401,21,42.0043492716604,95.4928135985084,42.28642
284426,21,44.7257422986775,0.0,44.557514
284451,21,47.40673376356,0.0,48.206203
284476,21,46.1913968203904,0.0,46.01612
284501,21,44.2573768327935,0.0,44.230537
284526,21,42.3305657979946,0.0,42.15276
284551,21,40.3571285911178,0.0,40.214672
284576,21,38.7172087966193,0.0,38.177658
284601,21,35.3371332922315,0.0,36.8334
284626,21,33.055632948535,0.0,31.782267
284651,21,29.8970444483026,0.0,30.513226
284676,21,27.9795127234532,0.0,26.496737
284701,21,23.9802457332227,0.0,25.729536
284726,21,19.2339727903147,0.0,19.728897
284751,21,14.1206695871905,0.0,14.269655
284776,21,5.79544922458608,80.2126641719703,9.165677
284801,24,0.74562291459335,100.0,0.0
284826,24,23.4222053197341,100.0,23.838196
284851,24,33.4323548480066,0.0,33.83296
284876,24,39.5321906056695,0.0,40.253098
284901,24,37.0241219257643,0.0,38.889175
284926,24,34.1958730735997,0.0,34.30771
284951,24,32.2224065636642,0.0,31.149612
284976,24,28.9484241832476,0.0,29.961956
285001,24,25.9303287966168,0.0,25.429935
285026,24,22.1446802495164,0.0,22.622921
285051,24,18.0276720488611,0.0,18.076351
285076,24,11.6261719631291,63.9634977146536,13.619309
285101,24,1.08735646246315,100.0,4.3028545
285126,24,19.8371931349748,100.0,20.592182
285151,24,31.1533236770883,31.7153696262564,32.49116
285176,24,38.1099662524305,0.0,38.203445
285201,34,37.8124730718354,0.0,37.839478
285226,34,35.864964243964,0.0,36.25795
285251,34,32.5075532470629,0.0,33.66522
285276,34,29.4573055683579,0.0,28.945883
285301,34,26.7343755805679,38.4557858028249,26.154705
285326,34,22.7634801316583,87.1388460232216,23.441422
285351,34,24.0653062213497,100.0,24.157068
285376,34,31.638791444278,100.0,32.261288
285401,34,38.288764075232,0.0,38.47965
285426,34,43.4053068664818,0.0,43.606472
285451,34,41.3590925598708,0.0,42.498028
285476,34,39.1845026648861,0.0,39.12102
285501,34,37.1653521061191,0.0,36.803825
285526,34,34.8654550932215,0.0,34.911045
285551,34,31.7043944687126,0.0,32.323723
285576,34,29.7324130119175,0.0,28.319744
285601,44,26.1938735434654,33.5555731709454,27.448572
285626,44,22.1659361558856,100.0,22.440533
285651,44,22.5210680838856,100.0,21.684593
285676,44,32.2560071667912,100.0,33.563854
285701,44,38.8620860853707,100.0,39.127136
285726,44,43.5700564613814,49.2941169595139,44.3118
285751,44,47.768995857463,0.0,47.862186
285776,44,48.4935423464324,0.0,48.336163
285801,44,46.3763132145088,0.0,46.777008
285826,44,44.6780480504303,0.0,44.121258
285851,44,42.6648860878138,0.0,42.68536
285876,44,40.5008837319491,0.0,40.470955
285901,44,39.4247929142766,19.9902252610605,38.143295
285926,44,36.7011180768125,39.2335802979777,37.07153
285951,44,34.7852886504396,87.9300311923176,34.714386
285976,44,34.559045043268,100.0,35.236847
286001,50,39.9588641873267,100.0,39.338932
286026,50,44.4582229884105,100.0,45.14492
286051,50,47.5580408904448,56.6064607442129,49.01457
286076,50,52.1987833760693,1.21025277576849,51.2504
286101,50,52.4570390370732,0.0,52.962666
286126,50,50.7326999645712,0.0,50.582146
286151,50,49.1489236706879,0.0,48.549988
286176,50,47.3398286223337,0.0,47.0376
286201,50,45.5624723795212,5.10586743523157,45.24769
286226,50,43.1921805149114,36.8823683286713,43.296303
286251,50,41.8244673403241,79.2617746922974,40.546722
286276,50,40.9873200269369,100.0,41.810493
286301,50,43.7228383130032,100.0,44.358
286326,50,47.8531862027714,69.8327172169639,48.24915
286351,50,52.2362616313507,0.0,51.764423
286376,50,53.2729655831727,0.0,54.091393
286401,34,51.564869411438,0.0,51.459915
286426,34,50.6555010844018,0.0,49.359203
286451,34,48.3287987021977,0.0,48.60709
286476,34,47.0083792940426,0.0,45.895805
286501,34,44.6585358068189,0.0,45.005417
286526,34,42.5758568820403,0.0,42.1672
286551,34,40.8151358250527,0.0,40.315536
286576,34,39.1269935955363,0.0,38.839462
286601,34,36.5859298826126,0.0,37.203037
286626,34,33.226261691089,0.0,33.834064
286651,34,31.1651593046846,0.0,29.669613
286676,34,27.9810396210466,8.08566635419651,28.811611
286701,34,24.6775371328071,65.0084746619614,24.41945
286726,34,20.3701469055316,100.0,21.109936
286751,34,26.5147936233815,100.0,27.250404
286776,34,35.0556860305355,91.2857767978173,35.320526
286801,35,41.7816151003576,0.0,41.08117
286826,35,44.7144478817706,0.0,45.747265
286851,35,43.1244835765099,0.0,43.44298
286876,35,40.9148115939567,0.0,41.19714
286901,35,38.5384486613496,0.0,38.518295
286926,35,36.7319558075478,0.0,35.961212
286951,35,33.4060327844851,0.0,34.67372
286976,35,31.4186030756479,0.0,29.88297
287001,35,27.8585000215743,21.4398250364767,29.136984
287026,35,24.8010711624635,85.0850923643064,24.329077
287051,35,21.9355676890504,100.0,21.654383
287076,35,30.944925438939,100.0,31.014877
287101,35,38.0450109825759,29.9867654647136,37.992718
287126,35,42.6924980219542,0.0,43.446976
287151,35,42.1540700246947,0.0,41.90424
287176,35,39.6243366942554,0.0,40.427048
287201,43,38.0747052144199,0.0,36.91339
287226,43,35.706183623704,45.4985228491584,36.266144
287251,43,32.7784637289725,87.8474330391882,32.40808
287276,43,33.5751615431643,100.0,33.856224
287301,43,38.9627283030712,100.0,38.612717
287326,43,43.5463968416259,29.7000736950715,44.307354
287351,43,48.1135977032893,0.0,47.921677
287376,43,47.3684936969982,0.0,46.81769
287401,43,44.9648046975682,0.0,45.447723
287426,43,43.3429566694921,0.0,42.425785
287451,43,41.347132831848,0.0,41.403557
287476,43,39.3322603730599,0.0,39.156433
287501,43,37.0233188314686,23.0790529684989,37.10355
287526,43,34.0622642525307,64.3600113819147,34.348034
287551,43,32.470990776341,100.0,32.014935
287576,43,35.857956068172,100.0,35.931835
287601,39,41.156048994696,85.2507264358361,41.60277
287626,39,45.6869785115814,0.0,45.985863
287651,39,48.6297631207948,0.0,48.80461
287676,39,47.1826848486874,0.0,47.240936
287701,39,45.4489698250727,0.0,45.15389
287726,39,43.2733523046251,0.0,43.427002
287751,39,40.6880591842601,0.0,40.9324
287776,39,38.9194276321748,0.0,37.935352
287801,39,36.6109642519428,0.0,36.91863
287826,39,33.8671465103313,0.215793927679925,34.07853
287851,39,31.7496132991661,49.2671562655824,30.894535
287876,39,28.4174788791995,87.1301374529947,28.559475
287901,39,30.8689925332975,100.0,30.341702
287926,39,36.4235800803702,100.0,36.407402
287951,39,41.937459175042,3.6440613496884,42.244648
287976,39,46.4513383584515,0.0,46.54053
288001,47,44.1205319132138,0.0,45.475414
288026,47,42.3691705736403,9.04266871927138,41.641773
288051,47,40.5178213842283,40.3550266128217,39.975216
288076,47,38.1259785728916,73.4587873997872,38.281483
288101,47,38.3823319846892,100.0,38.205017
288126,47,40.9938216753127,100.0,41.91381
288151,47,45.5046709232435,65.006680721261,45.862495
288176,47,50.094431804098,0.0,49.597202
288201,47,50.6867285686019,0.0,51.65323
288226,47,49.3320680508963,0.0,48.881344
288251,47,47.4782318292984,0.0,47.252155
288276,47,45.5669654655033,0.0,45.37458
288301,47,43.2093399212665,0.0,43.4814
288326,47,41.8138035167426,25.4027466744962,40.69624
288351,47,40.0824600121006,50.3568774331956,39.29916
288376,47,38.8116455484646,81.3168431058974,38.862057
288401,36,39.1409602879263,100.0,39.912136
288426,36,43.008365836878,0.0,42.939034
288451,36,46.7465959060182,0.0,47.242535
288476,36,45.3668053950249,0.0,45.533115
288501,36,43.2426433056975,0.0,43.404697
288526,36,41.7620245597846,0.0,40.949867
288551,36,38.8651012989358,0.0,39.89439
288576,36,36.7947701024763,0.0,35.80061
288601,36,33.8333336828251,0.0,34.48855
288626,36,31.8748586191845,0.0,30.657972
288651,36,28.369776375916,31.3329553085594,29.625076
288676,36,25.6899045337041,93.9960048020814,24.677034
288701,36,24.9838161657481,100.0,24.560942
288726,36,33.0670504670299,100.0,33.770176
288751,36,39.7331404869965,10.1003505965502,39.70083
288776,36,43.7343841170701,0.0,44.745182
288801,21,42.5532729626589,0.0,42.49698
288826,21,40.760455388019,0.0,40.709747
288851,21,37.5919222695283,0.0,38.754482
288876,21,35.8903220216153,0.0,34.25882
288901,21,32.7115471934861,0.0,33.922543
288926,21,30.0644441565044,0.0,29.320229
288951,21,26.6606807286607,0.0,27.147758
288976,21,23.7371085398476,0.0,22.997137
289001,21,19.4931225204022,0.0,20.496943
289026,21,13.7643281435809,0.0,14.973648
289051,21,5.60940339140578,86.7550956250719,8.737969
289076,21,0.1005312455348,100.0,0.0
289101,21,24.0334055236373,100.0,24.8447
289126,21,33.9846459797173,0.0,34.077095
289151,21,39.9179374556083,0.0,40.69924
289176,21,38.003020816268,0.0,39.23813
289201,21,35.969338242531,0.0,35.855267
289226,21,33.0325480741913,0.0,33.689434
289251,21,30.1187985284964,0.0,29.872438
289276,21,26.9256066980168,0.0,26.951406
289301,21,23.520916936981,0.0,23.463116
289326,21,19.4188965322716,0.0,19.825253
289351,21,13.2439478575085,0.0,15.030615
289376,21,4.65829098002729,95.9359762028879,8.310273
289401,21,0.59629452464913,100.0,0.0
289426,21,26.0098355870497,100.0,26.595705
289451,21,34.9769486453339,0.0,35.376102
289476,21,40.7717890150709,0.0,41.29789
289501,21,38.9185670587324,0.0,40.045227
289526,21,36.2238989129318,0.0,36.838066
289551,21,33.5008749895755,0.0,33.3237
289576,21,31.0458394859696,0.0,30.54685
289601,38,27.6932079178647,0.0,28.319904
289626,38,24.5455887472654,100.0,24.088125
289651,38,20.2842128297633,100.0,17.242819
289676,38,31.4279658928834,100.0,32.589348
289701,38,38.3424181375163,74.7517298004225,38.55059
289726,38,42.9975694086454,0.0,43.679256
289751,38,45.1772735824753,0.0,45.72736
289776,38,43.9200035772121,0.0,43.779858
289801,38,42.3929141782983,0.0,42.022163
289826,38,39.7484702087132,0.0,40.49838
289851,38,37.9318040526745,0.0,36.93067
289876,38,35.510249521695,0.0,35.87592
289901,38,32.5950099727161,1.7387098046275,32.860294
289926,38,29.8310757339432,53.8544738806253,29.430775
289951,38,26.2137831836248,100.0,26.192669
289976,38,29.8602436651552,100.0,29.217607
290001,32,36.5401254486934,100.0,36.98453
290026,32,42.3674839949968,0.0,42.42696
290051,32,46.2886062400735,0.0,47.00294
290076,32,44.5235535745557,0.0,45.11619
290101,32,43.0738576016953,0.0,42.524
290126,32,40.9410971450489,0.0,41.170906
290151,32,38.2744560028268,0.0,38.61732
290176,32,36.1327874857065,0.0,35.42107
290201,32,33.2935872020339,0.0,33.752754
290226,32,30.7198359250503,0.0,30.228033
290251,32,28.212271430158,0.0,27.87879
290276,32,24.3834527181807,24.8549882576294,25.408636
290301,32,20.0553116555248,93.3040333656844,20.657274
290326,32,17.9966172829331,100.0,17.139048
290351,32,29.2397515949828,100.0,30.44579
290376,32,36.8925973307393,6.57665170750103,36.796425
290401,49,42.6811574776994,0.0,42.58032
290426,49,40.5140989777692,70.1815052030937,41.830944
290451,49,37.9894400303577,100.0,36.553967
290476,49,40.8056216937451,100.0,40.954647
290501,49,45.1713948871898,100.0,45.712948
290526,49,49.3860160519809,25.7485192849346,49.640472
290551,49,52.439213158549,0.0,53.241695
290576,49,51.8618741846841,0.0,50.697636
290601,49,49.5973049977827,0.0,49.83035
290626,49,48.1196065554705,0.0,47.2354
290651,49,46.8228832161397,0.0,46.057064
290676,49,44.3084846889517,0.0,44.829453
290701,49,42.5266922066225,41.172102094037,41.658604
290726,49,40.9184386869161,73.03267950544,39.620842
290751,49,40.156722834481,100.0,40.967484
290776,49,43.4786013166719,100.0,43.308357
290801,26,47.0351888147253,56.0723483024119,48.068935
290826,26,51.2923994436866,0.0,50.827797
290851,26,51.4893668264591,0.0,52.15832
290876,26,49.7292413837851,0.0,49.5951
290901,26,48.795690277144,0.0,47.57158
290926,26,46.7236580649418,0.0,46.800465
290951,26,45.3167765722699,0.0,44.513813
290976,26,42.846160230989,0.0,43.351818
291001,26,41.2111195553199,0.0,40.222984
291026,26,38.8725362893333,0.0,39.332657
291051,26,36.7728524701506,0.0,36.33423
291076,26,33.9134989261095,0.0,34.43876
291101,26,31.1624919202683,0.0,30.835121
291126,26,28.2512949532022,0.0,28.15883
291151,26,25.1228172167687,0.0,25.067717
291176,26,20.7545676384537,0.0,21.703367
291201,31,15.8165466684234,50.6148105848107,16.129892
291226,31,9.21003399814428,100.0,10.767104
291251,31,18.8971988709436,100.0,19.313215
291276,31,30.7890412188731,100.0,31.932611
291301,31,37.7957827760211,0.0,38.09531
291326,31,43.2674380610825,0.0,43.24913
291351,31,41.1825572746746,0.0,42.41711
291376,31,38.6582969461455,0.0,38.906292
291401,31,36.2225242801785,0.0,35.9429
291426,31,34.0054590563801,0.0,33.566254
291451,31,31.5345174525392,0.0,31.533216
291476,31,27.9004563005421,0.0,28.79846
291501,31,24.8323928439338,12.2779080991022,24.032248
291526,31,20.4844304313991,67.1268340625279,21.525717
291551,31,15.1668827239579,100.0,16.448835
291576,31,23.5824066627715,100.0,25.21649
291601,50,33.6492986090665,89.5468316324407,33.915882
291626,50,39.7328960779632,100.0,39.967625
291651,50,44.5265035877393,100.0,44.403908
291676,50,48.2684806838378,54.8761673739671,49.09389
291701,50,50.852775868324,0.0,51.99326
291726,50,52.0267546614993,0.0,51.681538
291751,50,50.5060863190768,0.0,50.272003
291776,50,48.8497175613047,0.0,48.363262
291801,50,47.0737042353755,0.0,46.73586
291826,50,45.1197946259983,9.35664697277147,44.99508
291851,50,43.4103665872712,44.2896653511752,42.5874
291876,50,41.1419041631042,74.8571722265641,41.05247
291901,50,41.8895729152289,100.0,41.211178
291926,50,43.9069076134144,100.0,45.166897
291951,50,48.3855577171868,66.0369219470299,48.367535
291976,50,52.310673542298,0.0,52.236023
292001,20,52.8699892053719,0.0,53.848427
292026,20,51.9680881920442,0.0,50.99219
292051,20,49.7239797789364,0.0,49.88057
292076,20,48.4340122683811,0.0,47.382236
292101,20,46.0655485224938,0.0,46.39216
292126,20,45.0147684998248,0.0,43.570663
292151,20,42.5846814002393,0.0,43.11666
292176,20,40.7817327668523,0.0,39.997097
292201,20,37.5078082078824,0.0,38.76656
292226,20,35.8096735723466,0.0,34.074562
292251,20,33.0705378765426,0.0,33.844357
292276,20,30.6954252252412,0.0,30.09705
292301,20,27.3483350407079,0.0,28.041313
292326,20,24.0489822990621,0.0,23.745039
292351,20,19.8307179844735,0.0,20.45783
292376,20,14.4424935991091,0.0,15.3378315
292401,46,6.10903660847377,55.8037816228628,9.305746
292426,46,0.290200868105356,100.0,0.0
292451,46,17.8755830406019,100.0,18.317272
292476,46,30.7386213831947,100.0,31.792866
292501,46,37.2974900012552,100.0,38.13156
292526,46,43.5373551005753,100.0,43.032555
292551,46,46.5114273778085,0.820119850663524,48.307247
292576,46,50.3017196870602,0.0,50.247265
292601,46,49.2884037184006,0.0,49.007694
292626,46,47.2606516983376,0.0,47.26509
292651,46,45.2352973017272,0.0,45.087727
292676,46,43.6872940304624,0.0,43.054985
292701,46,42.1496479744031,0.0,41.7496
292726,46,39.5982066611295,25.6163931256705,40.260616
292751,46,37.3151903705375,71.2324645535763,36.742367
292776,46,35.2723005091828,100.0,35.565582
292801,46,39.3251684705038,100.0,38.734604
292826,46,43.8562494319056,76.1737503575465,44.516945
292851,46,47.7437060043993,0.0,48.26407
292876,46,49.6577101088499,0.0,50.31851
292901,46,48.0470265270571,0.0,48.084824
292926,46,46.8907391258662,0.0,45.96522
292951,46,45.2791788820297,0.0,44.91793
292976,46,42.8227570374131,0.0,43.282288
293001,46,41.371362957064,13.6571782450018,40.212723
293026,46,38.4679197198694,39.6083218953108,38.93169
293051,46,36.6041136986612,91.5182586288087,35.97521
293076,46,36.3297794869286,100.0,36.95424
293101,46,41.186519749615,100.0,41.105133
293126,46,45.4361719478945,42.9858553322454,46.15972
293151,46,49.0080739649567,0.0,49.50818
293176,46,49.6787137328696,0.0,49.01019
293201,29,47.9852894233467,0.0,47.917023
293226,29,46.2701181400556,0.0,45.89201
293251,29,44.1449171363725,0.0,44.226025
293276,29,42.2397621204728,0.0,41.860138
293301,29,40.0355411301398,0.0,40.143246
293326,29,37.7042664033765,0.0,37.63541
293351,29,35.966019083436,0.0,35.161213
293376,29,32.9269099508393,0.0,33.964462
293401,29,30.3035950290921,0.0,29.669338
293426,29,27.5816792389946,0.0,27.411707
293451,29,23.4604009214796,0.0,24.56979
293476,29,18.6621015953708,55.7382894101517,19.088917
293501,29,12.9248784234901,100.0,13.569444
293526,29,21.1624125438217,100.0,21.884266
293551,29,32.3446225869635,96.8900001971252,32.792824
293576,29,38.1590602795305,0.0,39.220814
293601,36,43.0023679557355,0.0,43.028835
293626,36,40.4091204987549,0.0,42.066723
293651,36,38.8282197821371,0.0,37.646137
293676,36,36.9960618024486,0.0,36.99709
293701,36,34.4912998349228,0.0,34.916264
293726,36,31.3982405186867,0.0,31.752796
293751,36,28.875300329609,39.0063052250822,28.07462
293776,36,25.6098808623566,84.1146867440251,25.651958
293801,36,26.2380854143158,100.0,26.600357
293826,36,33.0791412896748,100.0,32.859653
293851,36,39.8228452207522,9.03519809815899,39.628437
293876,36,44.5029047604378,0.0,44.85504
293901,36,42.1124021151417,0.0,43.37367
293926,36,40.0558115781994,0.0,39.55741
293951,36,38.6329004118855,0.0,37.794994
293976,36,35.1314816495558,0.0,36.868748
294001,24,33.362306326701,0.0,31.460226
294026,24,30.7321192151859,0.0,31.305696
294051,24,27.4241001558614,0.0,27.838018
294076,24,23.2816634932558,0.0,23.858377
294101,24,19.0886967499155,0.0,18.888458
294126,24,13.7400976098652,44.5199703630553,14.613745
294151,24,5.13780400675997,100.0,8.664475
294176,24,15.7199355304194,100.0,16.162466
294201,24,29.4284904465736,100.0,30.858442
294226,24,36.2639469363829,0.0,37.14351
294251,24,42.2867872117957,0.0,41.931873
294276,24,39.8808035307433,0.0,41.548122
294301,24,38.4977863825032,0.0,37.289013
294326,24,35.5517354379352,0.0,36.74472
294351,24,32.9779512749443,0.0,32.407967
294376,24,30.2125320332007,0.0,30.159355
294401,43,26.9897455944377,0.0,27.185837
294426,43,23.1219449548464,100.0,23.500008
294451,43,19.6765484711414,100.0,15.296329
294476,43,30.7994732693413,100.0,32.29854
294501,43,37.6303449658791,100.0,38.042862
294526,43,42.7460885995319,52.7615305103223,43.324047
294551,43,47.609717690801,0.0,47.117996
294576,43,48.1679506681456,0.0,48.431858
294601,43,46.4178654051752,0.0,46.434395
294626,43,44.0144621356009,0.0,44.363583
294651,43,42.1990664715715,0.0,41.46625
294676,43,40.7020539916135,0.0,40.185467
294701,43,37.9169399874687,0.0,38.863422
294726,43,36.0005047518305,47.625735038201,34.948364
294751,43,32.9102344424904,81.8939727739142,32.975147
294776,43,34.4985581065046,100.0,34.218117
294801,23,38.3780999056931,100.0,39.05685
294826,23,43.2959064063715,0.0,43.70914
294851,23,47.6714700785133,0.0,47.661697
294876,23,46.2883806759745,0.0,46.524605
294901,23,44.2560247288298,0.0,44.297413
294926,23,41.7863817758378,0.0,42.059834
294951,23,39.6140591214765,0.0,39.153576
294976,23,38.2125800383726,0.0,37.23979
295001,23,35.8821487263234,0.0,36.46469
295026,23,32.8259159287005,0.0,33.321754
295051,23,30.1260184340941,0.0,29.551205
295076,23,27.5128406405947,0.0,27.1602
295101,23,22.9311878670455,0.0,24.602728
295126,23,19.402756874854,0.0,18.12597
295151,23,12.5558243316579,20.6924583667633,15.549512
295176,23,4.28538139854572,100.0,7.1357837
295201,22,1.83164120187581,100.0,4.1561856
295226,22,27.2399646158639,100.0,27.584333
295251,22,35.2576227058983,0.0,36.30709
295276,22,41.1570660764324,0.0,41.34402
295301,22,38.5986334815468,0.0,40.434353
295326,22,36.7724899861893,0.0,35.85043
295351,22,34.3588798673084,0.0,34.696144
295376,22,31.1567544483341,0.0,31.704948
295401,22,28.6633638849144,0.0,27.727959
295426,22,25.343953184411,0.0,25.87758
295451,22,21.312710565861,0.0,21.746792
295476,22,16.6197378107314,0.0,17.005445
295501,22,9.7234253345179,52.4535047451824,11.720215
295526,22,0.399843533594512,100.0,2.8887296
295551,22,16.860799806526,100.0,17.316374
295576,22,29.7858193126873,48.236873647142,31.416311
295601,50,37.1146740721193,0.0,37.241024
295626,50,38.2079522949465,100.0,38.07986
295651,50,36.4417988576906,100.0,34.70303
295676,50,41.8238036407713,100.0,41.692005
295701,50,45.9547043597344,100.0,46.740646
295726,50,50.0902043986554,28.7862872786566,50.322353
295751,50,52.8781580143461,0.0,53.934196
295776,50,52.2942751451384,0.0,51.044495
295801,50,50.7723085636612,0.0,50.248405
295826,50,49.0147567257073,0.0,48.62109
295851,50,47.6462948389417,0.0,46.879467
295876,50,45.2524701455145,0.0,45.61596
295901,50,43.3014018497642,41.3418980812743,42.725605
295926,50,41.1493419009456,76.2284124317943,40.330444
295951,50,41.249724139045,100.0,41.163116
295976,50,44.3402637592649,100.0,44.594006
296001,23,49.0372351811023,57.715920448758,48.82072
296026,23,51.9797650124036,0.0,52.803627
296051,23,52.475936959468,0.0,52.948055
296076,23,51.298985182195,0.0,50.599976
296101,23,48.7951488896588,0.0,49.18736
296126,23,47.5113442434204,0.0,46.199883
296151,23,45.8519223754138,0.0,45.498844
296176,23,43.9141138356738,0.0,43.829693
296201,23,41.939763456104,0.0,41.802795
296226,23,39.9323518952246,0.0,39.775192
296251,23,37.8255135187751,0.0,37.716644
296276,23,35.4685375612047,0.0,35.495148
296301,23,32.0311971414997,0.0,32.879017
296326,23,29.6387859817283,0.0,28.389467
296351,23,26.5833905018567,0.0,26.95786
296376,23,23.207742575523,0.0,23.247341
296401,43,18.4230127914579,0.0,19.536327
296426,43,12.8315769996338,100.0,13.429356
296451,43,2.9599612316954,100.0,2.720869
296476,43,27.3750468271741,100.0,27.686052
296501,43,35.2737656864076,100.0,36.33727
296526,43,40.9753438936396,94.2465991966793,41.49355
296551,43,45.3891827825022,0.0,45.964767
296576,43,49.5904777326615,0.0,48.984055
296601,43,47.1704340461929,0.0,48.359478
296626,43,45.5483719521832,0.0,44.637955
296651,43,43.4595632517256,0.0,43.54151
296676,43,41.419649084253,0.0,41.202267
296701,43,39.2972829967243,0.0,39.188114
296726,43,37.16266181164,22.3148722549881,36.966934
296751,43,34.6820542770043,60.4799365801198,34.60396
296776,43,33.5695829822588,100.0,32.81129
296801,37,35.4649436619204,100.0,36.661278
296826,37,41.8738500855714,0.0,41.155846
296851,37,45.9598540840197,0.0,46.662354
296876,37,44.119750733205,0.0,44.821922
296901,37,41.366018319114,0.0,42.08907
296926,37,39.9274980273053,0.0,38.461346
296951,37,37.6828109054719,0.0,38.122204
296976,37,35.3137816390271,0.0,35.221138
297001,37,32.1703783990029,0.0,32.71136
297026,37,29.1633723040617,42.4620086786543,28.807007
297051,37,26.3794623784272,96.2236043105442,25.603035
297076,37,26.9417008927526,100.0,28.017536
297101,37,34.9760756880996,100.0,35.017227
297126,37,40.7748870417974,0.0,41.26222
297151,37,45.3470648294014,0.0,45.611187
297176,37,43.6029628871057,0.0,44.29996
297201,36,41.9592016334158,0.0,41.63451
297226,36,39.5609728109942,0.0,40.057278
297251,36,37.3688655557486,0.0,36.973312
297276,36,34.543663833806,0.0,34.95361
297301,36,31.9381044914244,0.0,31.503742
297326,36,29.7325373933548,28.7558695757001,29.079214
297351,36,25.7036064114199,68.1899370628792,26.980766
297376,36,24.2837767656421,100.0,25.116117
297401,36,29.9753855808722,100.0,29.676058
297426,36,37.7400478686137,63.9155545978639,36.972973
297451,36,42.8733487998632,0.0,43.22542
297476,36,44.2442640739719,0.0,44.99694
297501,36,41.7726011987204,0.0,42.754997
297526,36,40.178413454759,0.0,39.137764
297551,36,38.3446075527549,0.0,38.33225
297576,36,35.2074774113478,0.0,36.27668
297601,42,32.7408449447327,0.0,31.880241
297626,42,30.042031492056,100.0,30.02085
297651,42,27.4560536164571,100.0,24.054533
297676,42,35.9256165611554,100.0,35.97062
297701,42,41.2559690979406,64.8367579590251,42.067387
297726,42,45.2542922117575,0.0,45.9253
297751,42,47.2882476768974,0.0,47.262535
297776,42,45.7690337792049,0.0,45.805096
297801,42,43.9394011478065,0.0,43.772022
297826,42,42.2870951896994,0.0,41.916656
297851,42,39.9720423593265,0.0,40.373936
297876,42,36.613544651655,0.0,37.466846
297901,42,34.7450521797448,52.5266536217444,33.09171
297926,42,31.8778256436641,85.9386281933456,31.661226
297951,42,33.4495503546704,100.0,33.754936
297976,42,38.3723127352589,100.0,38.4284
298001,46,43.6046982652363,21.1623403762429,43.77841
298026,46,48.1597181052116,0.0,48.010086
298051,46,45.7895705024806,0.0,46.76854
298076,46,45.1152261390337,0.0,43.29036
298101,46,42.832589808249,0.0,43.27517
298126,46,40.1965314880786,12.9465525072243,40.3864
298151,46,38.2432947702646,60.0735463127464,37.014835
298176,46,35.8108338550418,95.0013053033456,35.658306
298201,46,38.28831735011,100.0,38.148693
298226,46,42.5331392013066,94.2387443510177,43.194344
298251,46,47.1546833699191,18.3806954943114,47.231205
298276,46,50.0053066618441,0.0,50.777077
298301,46,48.5205181629049,0.0,48.374317
298326,46,46.9118936188836,0.0,46.444515
298351,46,45.3672720100546,0.0,44.8653
298376,46,43.5873006890324,0.0,43.378494
298401,33,40.8640182265078,0.0,41.600044
298426,33,39.5453943758681,0.0,37.983036
298451,33,36.4822282115231,0.0,37.772064
298476,33,34.3488349980959,0.0,33.23737
298501,33,31.494116635214,0.0,31.958847
298526,33,29.1819328750325,0.0,28.396029
298551,33,25.0314915480547,24.6118944802184,26.572052
298576,33,21.8734743071782,98.8100152028577,21.102903
298601,33,19.6418418581888,100.0,18.592398
298626,33,30.7831713115891,100.0,32.08197
298651,33,38.4155314427605,0.0,38.031193
298676,33,43.4851569001019,0.0,43.871986
298701,33,40.8813156572989,0.0,42.568485
298726,33,39.0214977721144,0.0,38.113052
298751,33,36.1614460022851,0.0,36.9358
298776,33,33.9938299770768,0.0,33.104786
298801,27,31.5114040782397,0.0,31.568064
298826,27,27.9974737080166,0.0,28.764292
298851,27,25.0301389507209,0.0,24.243427
298876,27,22.024429873603,0.0,21.761604
298901,27,16.7856231142585,45.3045902964905,18.689825
298926,27,9.22580291854658,100.0,11.804422
298951,27,16.9139555907866,100.0,17.808964
298976,27,30.0524231271437,100.0,31.192966
299001,27,37.7275566739366,0.0,37.600815
299026,27,42.4175356668919,0.0,43.29974
299051,27,40.7264388953189,0.0,41.476864
299076,27,37.908143596109,0.0,38.81197
299101,27,36.1522743637342,0.0,34.90821
299126,27,32.8094545998551,0.0,34.135967
299151,27,30.6795397514829,0.0,29.264536
299176,27,27.5136371926573,0.0,28.256311
299201,32,24.3883098974295,0.0,24.082714
299226,32,19.9433080564022,92.3548085124476,20.964514
299251,32,14.4027137817733,100.0,12.084795
299276,32,28.0963568678543,100.0,28.806978
299301,32,36.0222240923966,26.1611364006967,36.069645
299326,32,41.2563281889461,0.0,41.723156
299351,32,40.3296740771567,0.0,40.18899
299376,32,38.0538241159158,0.0,38.595615
299401,32,35.724045032362,0.0,35.566483
299426,32,33.0008601315699,0.0,33.162693
299451,32,30.3214240946737,0.0,30.041714
299476,32,27.3194622237722,0.0,27.376835
299501,32,23.8816572860397,39.985070020811,24.041082
299526,32,20.0418708526174,100.0,20.012014
299551,32,21.4292221969604,100.0,22.299288
299576,32,31.9814269741729,100.0,33.03757
299601,33,38.9646296566532,0.0,38.9533
299626,33,44.2424715187531,0.0,44.22931
299651,33,42.0062565902878,0.0,43.333744
299676,33,38.9267315389297,0.0,39.595596
299701,33,37.4053650408024,0.0,35.690784
299726,33,35.2648564705727,0.0,35.61685
299751,33,32.5468590741104,0.0,32.87729
299776,33,29.2794811692169,0.0,29.588078
299801,33,26.3000564365516,22.8176484418175,25.77052
299826,33,22.1350337081239,76.0836180587579,23.172386
299851,33,20.3624342448467,100.0,19.817785
299876,33,27.8010600294815,100.0,29.027111
299901,33,35.4159535551051,49.3242301590099,35.89635
299926,33,40.8829295755621,0.0,41.103107
299951,33,42.8467411970158,0.0,41.77892
299976,33,39.7756014907224,0.0,41.48799
300001,31,38.6152958163703,0.0,36.55601
300026,31,35.3556525251597,0.0,36.896152
300051,31,33.1870698300301,0.0,31.914448
300076,31,30.3583000844191,0.0,30.752363
300101,31,26.728010664539,0.0,27.273357
300126,31,23.6353993606772,32.6720887412039,22.851692
300151,31,18.915008224714,87.9625656526441,20.213436
300176,31,19.3893501666406,100.0,19.383654
300201,31,29.4639983992972,100.0,30.20652
300226,31,36.6105563254688,0.0,36.88453
300251,31,42.6074971846807,0.0,42.273956
300276,31,40.160940388507,0.0,41.855244
300301,31,38.0998343514802,0.0,37.53372
300326,31,35.7391774939971,0.0,35.815292
300351,31,33.2054121421466,0.0,33.148884
300376,31,30.1940867881815,0.0,30.426788
300401,34,26.7160586388937,0.0,26.935493
300426,34,23.5747863878426,86.5042635384325,22.983088
300451,34,18.9347985585096,100.0,17.524765
300476,34,29.5119393564889,100.0,29.85007
300501,34,36.7732218857703,36.6049973848836,36.96289
300526,34,41.7721803950897,0.0,42.32707
300551,34,41.7872110782199,0.0,41.71538
300576,34,39.4583145558163,0.0,40.16138
300601,34,37.7111303004268,0.0,36.934956
300626,34,35.1414605380857,0.0,35.718525
300651,34,32.6351795111726,0.0,32.34827
300676,34,29.5965911957276,0.0,29.876772
300701,34,26.056982973074,35.038230783488,26.306368
300726,34,22.7228380846428,98.3190867826339,22.274715
300751,34,23.2640821608778,100.0,22.979818
300776,34,32.9313295655244,100.0,33.64153
300801,41,38.9165862606335,0.0,39.68856
300826,41,43.89227633632,0.0,44.027554
300851,41,41.4939643634724,0.0,42.949287
300876,41,39.6215256005091,0.0,38.925465
300901,41,37.0871367358216,0.0,37.5299
300926,41,35.908986554598,26.3532519989962,34.34655
300951,41,33.0278809572319,47.421891499197,33.62549
300976,41,31.1795021498771,98.9336306612466,31.96712
301001,41,32.6433177677191,100.0,32.798054
301026,41,38.9712849787729,100.0,38.735954
301051,41,43.5429246876642,0.0,44.381374
301076,41,47.6225342027203,0.0,47.82033
301101,41,46.1130940975267,0.0,46.433186
301126,41,44.1266761360446,0.0,44.107082
301151,41,42.2115505423018,0.0,41.972225
301176,41,40.608203574974,0.0,40.105484
301201,40,38.0830911322383,0.0,38.753487
301226,40,35.2988647874141,0.0,35.36116
301251,40,33.290741087383,40.4927187300553,32.305073
301276,40,30.7089381435735,76.3989892886978,30.35196
301301,40,30.9012151329194,100.0,31.55537
301326,40,35.4788454943538,100.0,35.66174
301351,40,41.3346918740738,37.3456686601042,41.39966
301376,40,45.2378157079186,0.0,46.09944
301401,40,45.0529384867974,0.0,45.017647
301426,40,44.1301229562084,0.0,43.294323
301451,40,41.9451302361269,0.0,42.279953
301476,40,39.0432256382631,0.0,39.58213
301501,40,36.9304627651267,0.0,35.975815
301526,40,34.9048476782315,11.3692558776881,34.58561
301551,40,31.4746368747643,47.5843466422841,32.265106
301576,40,28.757206863422,100.0,28.304222
301601,50,30.6754810843409,100.0,30.647827
301626,50,38.0230437473331,100.0,37.44485
301651,50,42.695689210908,100.0,43.683212
301676,50,47.9258124798331,87.2051818994678,47.45785
301701,50,50.8087252109276,0.0,51.891567
301726,50,52.8708829289929,0.0,53.670673
301751,50,51.7537361170477,0.0,51.222477
301776,50,49.9713520002801,0.0,49.63783
301801,50,48.1243772304882,0.0,47.802647
301826,50,46.9689120921285,0.0,46.00199
301851,50,45.084733048573,10.8350836695449,44.993835
301876,50,42.6181736168326,44.5219147074015,42.50718
301901,50,40.9499309052072,88.623227715264,40.079723
301926,50,40.7389589357465,100.0,41.62895
301951,50,44.9892686833402,100.0,44.638958
301976,50,48.1886838298678,46.3003460346567,49.47119
302001,50,51.560454475602,0.0,51.919865
302026,50,52.0330220063351,0.0,51.67052
302051,50,50.4760820530155,0.0,50.166836
302076,50,48.7657377413128,0.0,48.328312
302101,50,46.7239817599496,0.0,46.645733
302126,50,45.3492757377916,15.3017286224872,44.542225
302151,50,43.4265925089917,39.8823056014708,42.771034
302176,50,41.4421259729278,74.2612091450962,41.34588
302201,50,41.4144145628414,100.0,41.34357
302226,50,43.6017356063375,100.0,44.60338
302251,50,47.9967278200167,71.186320209552,48.106823
302276,50,51.3454062616908,0.0,51.936077
302301,50,53.1762110337334,0.0,53.461838
302326,50,51.2166789295117,0.0,51.484165
302351,50,50.1236600720758,0.0,48.981068
302376,50,48.459322844334,0.0,48.061737
302401,33,46.9112413406366,0.0,46.35617
302426,33,44.3411503573685,0.0,44.87446
302451,33,43.0821445996178,0.0,41.639122
302476,33,41.0072029637432,0.0,41.20977
302501,33,38.5494212670391,0.0,38.738556
302526,33,36.1689982504747,0.0,35.895573
302551,33,33.2873469926293,0.0,33.564358
302576,33,31.0246843673777,0.0,30.181726
302601,33,28.0168663969809,0.0,28.47981
302626,33,24.7252132554678,45.7819555551082,24.739908
302651,33,20.2944070681798,100.0,20.812746
302676,33,22.9125126049044,100.0,23.53601
302701,33,32.8707870357892,100.0,33.706192
302726,33,39.337707822465,0.0,39.655453
302751,33,44.0742317052203,0.0,44.459923
302776,33,42.3521471757734,0.0,43.090183
302801,41,40.1675415081673,0.0,40.409615
302826,41,38.027198560397,0.0,37.78721
302851,41,35.5193425888583,9.87137793126367,35.66727
302876,41,33.2785338403455,54.7062969379039,32.471657
302901,41,29.926630521213,94.7736465641306,30.501896
302926,41,32.0007655109923,100.0,32.392357
302951,41,38.6661069117047,100.0,37.85851
302976,41,43.1188020907376,0.0,44.156075
303001,41,47.7370407738416,0.0,47.437626
303026,41,46.0177346509723,0.0,46.624245
303051,41,44.0355658455741,0.0,43.980732
303076,41,41.9584117443805,0.0,41.88421
303101,41,40.1417126675785,0.0,39.697155
303126,41,37.525072823449,0.0,38.107788
303151,41,35.2386031108894,18.8976239721843,34.711346
303176,41,32.2983567748496,59.7764448503691,32.51436
303201,47,30.2728931865445,100.0,29.895578
303226,47,33.3033511432171,100.0,33.561165
303251,47,39.5428397627813,100.0,39.507534
303276,47,44.5063079168671,90.1938108848854,44.855156
303301,47,48.4640820937819,1.48936060005931,48.91414
303326,47,50.999758880938,0.0,51.64789
303351,47,49.7774994846986,0.0,49.514156
303376,47,47.0980442478568,0.0,47.70531
303401,47,46.2947158877809,0.0,44.320404
303426,47,44.2550892140615,0.0,44.397472
303451,47,41.8169840884322,5.96780210168476,42.052048
303476,47,40.3818725242968,49.5553886249328,38.991802
303501,47,37.3688229629454,75.2202008787842,37.804714
303526,47,38.2734929371568,100.0,38.042282
303551,47,41.9571385813635,100.0,41.990356
303576,47,46.4694711090043,47.1210757054491,46.752926
303601,47,49.8768251710249,0.0,50.46172
303626,47,49.9485450112999,0.0,50.169106
303651,47,48.4606538327236,0.0,48.08125
303676,47,47.213073025955,0.0,46.385986
303701,47,44.7847092142859,0.0,45.2156
303726,47,42.9827249118248,0.0,42.220634
303751,47,41.1595124124625,28.7894012949415,40.982742
303776,47,38.9340169394569,61.3887753606881,38.55738
303801,47,37.451598780511,100.0,38.10172
303826,47,39.9296523993022,100.0,40.01849
303851,47,44.6808335147678,83.4277006819956,44.941044
303876,47,48.4642507494445,0.0,48.9894
303901,47,51.2786802317261,0.0,51.338455
303926,47,49.2991977916088,0.0,49.790375
303951,47,47.1573932270691,0.0,47.11918
303976,47,46.4608558627153,0.0,44.886818
304001,34,43.7192929150295,0.0,44.57586
304026,34,42.3179747881689,0.0,40.84949
304051,34,39.9588228553316,0.0,40.446075
304076,34,38.075400364776,0.0,37.411945
304101,34,35.3306617479119,0.0,35.958042
304126,34,32.7455925966099,0.0,32.374386
304151,34,29.1386537812216,0.0,29.914045
304176,34,26.5204379057062,43.8796512024108,25.30833
304201,34,22.9194016896704,90.6916962942279,23.060331
304226,34,24.2487800363302,100.0,25.13892
304251,34,33.2543906855241,100.0,32.875965
304276,34,39.0787069125276,0.0,39.91501
304301,34,44.4265644319102,0.0,44.138023
304326,34,41.8591836456267,0.0,43.52266
304351,34,39.7044012712882,0.0,39.135006
304376,34,37.5643031538974,0.0,37.34757
304401,40,35.5564424989019,0.0,35.2
304426,40,32.8553717668927,36.4147012515581,33.29676
304451,40,29.8969889282379,84.7067940552442,29.560577
304476,40,30.7658505349563,100.0,30.123915
304501,40,35.4869887429793,100.0,36.03207
304526,40,40.8253243446008,37.7289390157774,41.418674
304551,40,45.6469006464111,0.0,45.571537
304576,40,45.6375661482757,0.0,45.424088
304601,40,43.6124862527181,0.0,43.889515
304626,40,41.9270813923965,0.0,41.41676
304651,40,39.5326904285565,0.0,40.011303
304676,40,36.7550866378689,0.0,36.948368
304701,40,34.6108024595722,15.0318852328346,33.782013
304726,40,32.7287020123328,53.368598578573,31.92007
304751,40,29.2425023313186,87.0238221601904,30.621773
304776,40,31.4473536569901,100.0,31.527773
304801,27,36.8113372607106,100.0,36.867744
304826,27,42.6840187072604,0.0,42.54461
304851,27,46.8477485746462,0.0,47.282757
304876,27,44.7501739271448,0.0,45.694412
304901,27,42.8024105170973,0.0,42.49746
304926,27,40.6747240980269,0.0,40.671463
304951,27,38.7801644520636,0.0,38.353073
304976,27,36.6130163094102,0.0,36.65932
305001,27,34.0934292486949,0.0,34.213764
305026,27,31.4077648476033,0.0,31.336998
305051,27,28.3992265822324,0.0,28.468117
305076,27,24.9309727662975,0.0,25.125402
305101,27,20.7630524287943,0.0,21.189445
305126,27,15.6956723536744,68.3037611006429,16.324446
305151,27,8.83836385316492,100.0,9.227112
305176,27,22.1541291036933,100.0,23.256815
305201,27,31.5167030083072,43.5222566358075,33.164948
305226,27,38.2023587026121,0.0,38.24167
305251,27,39.5392257505698,0.0,38.808514
305276,27,37.4442880764079,0.0,38.18772
305301,27,34.5608436363074,0.0,35.121334
305326,27,31.4293762969856,0.0,31.466217
305351,27,28.8062602564081,0.0,28.069876
305376,27,25.6772976540842,0.0,25.89966
305401,27,22.7141391102815,0.0,22.262907
305426,27,17.1816751614377,33.4030853079963,19.42649
305451,27,11.1824733140804,100.0,12.205287
305476,27,13.891173508926,100.0,13.997668
305501,27,28.6423784550383,100.0,30.222717
305526,27,36.5043169895576,0.0,36.593006
305551,27,42.2510156948484,0.0,42.300163
305576,27,39.9253182119005,0.0,41.4724
305601,22,37.6124058397088,0.0,37.409626
305626,22,35.818603171578,0.0,35.085747
305651,22,32.5890464465731,0.0,33.763233
305676,22,30.2259948214987,0.0,29.148657
305701,22,26.7887852147834,0.0,27.578571
305726,22,22.4502711022031,0.0,23.095005
305751,22,18.9040961074669,0.0,17.86691
305776,22,12.7441282926691,12.0155021862661,15.029168
305801,22,3.90276144541333,100.0,7.781466
305826,22,0.0,100.0,0.0
305851,22,27.2723311117694,100.0,27.230776
305876,22,35.6992035243724,0.0,36.5197
305901,22,41.0092539311556,0.0,41.763096
305926,22,39.0802225464915,0.0,40.203453
305951,22,36.4870887378991,0.0,36.92989
305976,22,33.9809604136807,0.0,33.685173
306001,48,30.9859919246874,0.0,31.236094
306026,48,28.7638394345557,100.0,27.750694
306051,48,25.2103748186304,100.0,22.739307
306076,48,34.2292026607018,100.0,34.87987
306101,48,40.6807908914956,100.0,40.72067
306126,48,45.3377669730908,87.6099590289832,45.826042
306151,48,48.4889013912396,4.38373000989745,49.561558
306176,48,51.2338220226894,0.0,51.41832
306201,48,49.5015580255428,0.0,49.8635
306226,48,47.8717211379299,0.0,47.35539
306251,48,46.2191322164357,0.0,45.792202
306276,48,44.4730437323073,0.0,44.186726
306301,48,42.6600929596236,19.8391219874955,42.478275
306326,48,40.9222277310962,52.253914213837,39.998608
306351,48,38.9836364453363,83.3308173050757,39.43579
306376,48,39.9836288835731,100.0,40.149593
306401,45,42.9750564849527,100.0,43.79339
306426,45,47.3989034295794,0.0,47.60204
306451,45,51.1121901510123,0.0,51.255825
306476,45,49.6398833873323,0.0,49.762486
306501,45,47.4334788260331,0.0,47.531494
306526,45,45.7369794338606,0.0,45.104916
306551,45,44.1860904707271,0.0,43.71229
306576,45,42.2374343973391,0.0,42.2326
306601,45,40.103001585415,6.22150033897428,40.10002
306626,45,37.5414389440096,44.3809857876968,37.52157
306651,45,34.8639067445825,90.1804381915894,34.49053
306676,45,36.3323609306308,100.0,35.697254
306701,45,40.982695558285,100.0,41.16849
306726,45,45.488261011566,28.7297582565948,45.972622
306751,45,49.2405593968709,0.0,49.70078
306776,45,48.4544101043896,0.0,47.71476
306801,32,46.191399668601,0.0,46.49362
306826,32,45.4359683268162,0.0,43.79714
306851,32,42.7864697632381,0.0,43.57288
306876,32,40.3417038104902,0.0,39.994144
306901,32,38.4356464421626,0.0,37.717968
306926,32,36.0796280903111,0.0,36.300545
306951,32,34.2027044525118,0.0,33.49709
306976,32,30.9188388117444,0.0,32.052933
307001,32,27.3248839810274,0.0,27.410648
307026,32,24.1782392187513,40.3409718335847,23.488739
307051,32,20.9462682865744,96.5982451697042,20.480076
307076,32,21.6750462274128,100.0,23.438288
307101,32,31.8658374591906,100.0,32.627598
307126,32,38.5414810158631,0.0,38.833168
307151,32,43.9979936517804,0.0,43.823376
307176,32,41.7058347545807,0.0,43.12324
307201,45,39.3739621749622,0.0,39.239464
307226,45,37.2134881457047,57.3522599042394,36.846962
307251,45,35.2845440416886,95.9839684311997,33.804836
307276,45,36.2148072915058,100.0,37.602024
307301,45,41.8501062775932,100.0,41.33803
307326,45,46.0502020514628,13.1662598688201,46.781628
307351,45,50.3211697772408,0.0,50.04468
307376,45,48.4687710105032,0.0,48.903458
307401,45,46.3144379292468,0.0,46.33493
307426,45,44.6671018184803,0.0,44.02381
307451,45,42.455414529528,0.0,42.68324
307476,45,41.1767182319272,2.32832698218086,40.072327
307501,45,38.2228084248611,25.191009439115,39.30062
307526,45,36.0657689799009,78.0011415107806,35.07074
307551,45,34.7314806940342,100.0,34.255703
307576,45,38.5252374065795,100.0,38.761616
307601,29,43.020812904698,72.6563412758863,43.826633
307626,29,48.2378337972301,0.0,47.557915
307651,29,49.6917538417652,0.0,50.760933
307676,29,47.8433698086133,0.0,48.049473
307701,29,45.8890200154963,0.0,45.729393
307726,29,44.4771264474708,0.0,43.77225
307751,29,42.1851929736922,0.0,42.537167
307776,29,40.2656665395232,0.0,39.72381
307801,29,38.3683359235144,0.0,38.136086
307826,29,35.430460686261,0.0,36.240784
307851,29,33.2299081412511,0.0,32.293198
307876,29,29.9000474442351,0.0,30.7655
307901,29,27.597863532734,0.0,26.33838
307926,29,23.889943461222,0.0,24.981644
307951,29,19.7814972222731,47.9266067133401,19.912228
307976,29,13.8300840290643,100.0,15.364206
308001,39,19.5034119678182,100.0,20.594246
308026,39,31.1127753794854,100.0,32.0659
308051,39,38.1800921771319,97.6837470608409,38.333637
308076,39,43.5329943094052,0.0,43.72463
308101,39,47.1691464944512,0.0,47.692375
308126,39,45.7873491170382,0.0,45.927673
308151,39,43.3040852984198,0.0,43.811993
308176,39,41.1999592108411,0.0,40.673557
308201,39,38.6685722374819,0.0,38.905735
308226,39,36.7894975697505,0.0,35.946552
308251,39,34.0900047107286,0.0,34.663437
308276,39,31.8465065678539,44.4310863949736,31.164019
308301,39,28.931492041805,84.5451664627769,28.706837
308326,39,30.1165749808535,100.0,30.204342
308351,39,36.1232259378361,100.0,35.509193
308376,39,41.3535929570817,8.16022073997377,42.03595
308401,28,46.1155358626452,0.0,45.962948
308426,28,43.9467165504022,0.0,44.99233
308451,28,42.0735985658035,0.0,41.618877
308476,28,40.1217339093943,0.0,40.005276
308501,28,38.0602533976643,0.0,37.960247
308526,28,35.2658429335686,0.0,35.774963
308551,28,32.505053559377,0.0,32.262123
308576,28,29.8243843183606,0.0,29.505533
308601,28,26.5466805761246,0.0,26.873684
308626,28,22.9627634317731,0.0,23.000788
308651,28,18.2884273393302,46.5857321406669,19.092663
308676,28,12.5868060827024,100.0,13.589755
308701,28,18.6054439372604,100.0,19.691654
308726,28,30.1482582477646,100.0,31.738804
308751,28,37.8282885847277,0.0,37.551704
308776,28,43.3855330820106,0.0,43.385334
308801,50,40.6732069864905,0.0,42.544334
308826,50,39.1997336936344,100.0,37.800648
308851,50,35.9664021943039,100.0,34.53675
308876,50,41.3077609590844,100.0,41.193863
308901,50,45.7605185830909,100.0,46.292255
308926,50,50.0036761795249,32.4553577616339,50.16994
308951,50,53.2790297034998,0.0,53.872772
308976,50,52.7288520838235,0.0,51.776375
309001,50,51.2672501118181,0.0,50.67511
309026,50,48.8828560031841,0.0,49.110584
309051,50,47.684237806468,0.0,46.401005
309076,50,45.3702148204839,0.0,45.6802
309101,50,43.6876933486245,39.4329634140759,42.919716
309126,50,42.1051824656626,69.5189262931971,40.781815
309151,50,41.5857570689557,97.8211580275385,41.896786
309176,50,43.874342017781,100.0,44.309055
309201,45,47.9815107526526,66.2357980981659,48.228275
309226,45,51.2115869759824,0.0,51.829643
309251,45,52.6275859871678,0.0,52.85691
309276,45,51.6095499516153,0.0,50.890556
309301,45,49.901279128488,0.0,49.51417
309326,45,48.1623279266839,0.0,47.74672
309351,45,46.0452106098017,0.0,46.056236
309376,45,43.852724369271,0.0,43.786972
309401,45,42.619237340242,0.0,41.501644
309426,45,40.4662791535537,0.0,40.76521
309451,45,37.6991708328621,37.7260839984515,38.118736
309476,45,36.011077967761,87.1988108091042,34.36599
309501,45,35.7081453465719,100.0,36.2874
309526,45,39.9791911886499,100.0,40.254204
309551,45,44.643433531986,46.5036276771673,45.088806
309576,45,48.4182874502394,0.0,48.821377
309601,36,48.8304732158408,0.0,48.745533
309626,36,47.6336078971362,0.0,47.052837
309651,36,45.6373457874983,0.0,45.63141
309676,36,43.4636302131761,0.0,43.487747
309701,36,41.3943874369766,0.0,41.12636
309726,36,39.3901542868088,0.0,39.13497
309751,36,37.0448259128105,0.0,37.17205
309776,36,34.7900182513101,0.0,34.48197
309801,36,31.8203416610599,0.0,32.290016
309826,36,28.9223511514306,31.3546128347956,28.61718
309851,36,25.4225828379642,83.1660258406602,25.619335
309876,36,25.5694830793422,100.0,24.827131
309901,36,31.6440901723528,100.0,32.414436
309926,36,38.0197192346266,34.581012175522,38.3935
309951,36,43.5128473885282,0.0,43.270798
309976,36,43.2325895763406,0.0,43.136806
310001,37,41.4944710836424,0.0,41.514385
310026,37,39.7421204529241,0.0,39.54443
310051,37,36.4062348567392,0.0,37.764267
310076,37,34.2232530853651,0.0,32.903645
310101,37,31.3496901107994,6.30865510424771,31.78529
310126,37,28.78665121698,57.6801255717264,28.047518
310151,37,24.716925527549,100.0,25.707172
310176,37,28.8423140406756,100.0,28.388348
310201,37,36.5527910017973,100.0,36.45208
310226,37,41.6636945906291,0.0,42.517532
310251,37,46.7146189415447,0.0,46.281662
310276,37,44.5976079579823,0.0,45.69714
310301,37,41.8833969035571,0.0,42.325058
310326,37,40.1916272918483,0.0,39.021103
310351,37,38.33724827554,0.0,38.27292
310376,37,35.5990324683965,0.0,36.249863
310401,49,32.7385477214119,0.0,32.651577
310426,49,30.8443288964421,100.0,29.647415
310451,49,27.6388758391097,100.0,25.295918
310476,49,35.7624930879639,100.0,36.079544
310501,49,41.685330663709,100.0,41.907955
310526,49,45.516231943001,87.6041185057581,46.65709
310551,49,49.6963555088817,19.1439658980274,49.67448
310576,49,51.6925623090636,0.0,52.690506
310601,49,50.5855920082524,0.0,49.90179
310626,49,48.774066086878,0.0,48.50721
310651,49,47.3460017007993,0.0,46.63745
310676,49,45.0863776988847,0.0,45.31526
310701,49,43.485801540316,26.8285260821227,42.684303
310726,49,41.8801279632625,55.4480317130025,40.85545
310751,49,40.2295472063865,84.1624190547104,40.817497
310776,49,42.0905683778864,100.0,41.508057
310801,21,44.9502348319864,80.4381786324712,45.771385
310826,21,48.7272771219913,0.0,49.06771
310851,21,51.079769616033,0.0,51.45204
310876,21,49.572248169715,0.0,49.528862
310901,21,47.7246542145433,0.0,47.460247
310926,21,46.1276230113173,0.0,45.614452
310951,21,44.2977063836723,0.0,44.107018
310976,21,42.702771516555,0.0,42.273445
311001,21,40.250786322395,0.0,40.787247
311026,21,38.3861133353887,0.0,37.61934
311051,21,35.2797079637046,0.0,36.289513
311076,21,32.9553002311617,0.0,31.982145
311101,21,30.1031071085844,0.0,30.371447
311126,21,27.0908201387539,0.0,26.993563
311151,21,23.949164524173,0.0,23.800438
311176,21,19.5268861092954,0.0,20.505613
311201,35,14.2942447430199,0.0,14.845609
311226,35,5.25490770060104,100.0,9.256025
311251,35,0.0,100.0,0.0
311276,35,26.6139988434352,100.0,27.17181
311301,35,35.2933148489829,100.0,35.938305
311326,35,40.9555583444432,0.0,41.568577
311351,35,45.5087331176256,0.0,45.747982
311376,35,43.6811693639607,0.0,44.453903
311401,35,41.2307567376165,0.0,41.660816
311426,35,40.122426796959,0.0,38.610542
311451,35,36.8970441203219,0.0,38.365364
311476,35,34.938723080389,0.0,33.503468
311501,35,32.0473798227592,0.0,32.719574
311526,35,29.5858712510485,9.18178934214362,28.920284
311551,35,25.8988470020084,53.1882011004389,26.61163
311576,35,22.3238538654745,100.0,22.606657
311601,41,26.2634807121838,100.0,26.06731
311626,41,34.7619626322709,100.0,35.242393
311651,41,40.3704952458363,68.0142031568044,41.12234
311676,41,45.0773105300981,0.0,45.303772
311701,41,46.8567906183972,0.0,47.437393
311726,41,45.2353321542734,0.0,45.348938
311751,41,42.6925727000371,0.0,43.238186
311776,41,41.3552581657952,0.0,39.999893
311801,41,39.2436830080741,0.0,39.523293
311826,41,36.5227000969834,0.0,36.922974
311851,41,34.1349574386358,36.523157489677,33.600677
311876,41,31.9470027049031,79.2145903556621,31.05684
311901,41,31.1442532875596,100.0,32.305233
311926,41,36.0778422983222,100.0,35.843693
311951,41,41.6343407890776,44.5461563216713,41.914566
311976,41,46.1804048878098,0.0,46.18913
312001,34,46.5321185409777,0.0,46.478767
312026,34,44.2159700253939,0.0,44.815254
312051,34,42.939802321323,0.0,41.751976
312076,34,40.8845943078254,0.0,41.06903
312101,34,38.2345679800621,0.0,38.63332
312126,34,36.3427218023153,0.0,35.396442
312151,34,33.6181492734981,0.0,34.200176
312176,34,31.0878312484485,0.0,30.66384
312201,34,27.4992391179131,8.51018748315087,28.291376
312226,34,24.4637610442813,72.6631226934582,23.638988
312251,34,19.9413723242265,100.0,20.619097
312276,34,27.6408068019128,100.0,28.312143
312301,34,35.2147904787552,70.2034003056897,35.81718
312326,34,41.661742014396,0.0,41.010025
312351,34,43.6163929139139,0.0,44.49719
312376,34,41.2086907314057,0.0,42.232918
312401,40,39.7807246444376,0.0,38.628506
312426,40,37.4250148609404,0.0,37.98166
312451,40,35.2644370216068,2.51569404587747,34.85616
312476,40,32.3818636916424,41.1420805765062,32.815823
312501,40,28.6681162609774,92.679219261526,28.950855
312526,40,30.1113181884411,100.0,29.494616
312551,40,36.5470918887444,100.0,36.030117
312576,40,42.3469374544181,18.2936082844504,42.41359
312601,40,46.184320859536,0.0,46.94505
312626,40,44.5138630920205,0.0,44.78495
312651,40,42.8781201164864,0.0,42.530903
312676,40,40.3621549394196,0.0,40.9503
312701,40,38.6812460911163,0.0,37.671528
312726,40,35.8221039049017,0.0,36.759865
312751,40,34.1705747926361,31.2256824353655,32.762924
312776,40,30.9221950668732,60.7565938176755,31.734594
312801,50,29.5001661954619,100.0,30.557076
312826,50,32.9217470586557,100.0,33.129078
312851,50,40.0462528756288,100.0,39.233078
312876,50,43.8629671746129,100.0,45.338333
312901,50,48.6341358547734,66.4019678879268,48.442036
312926,50,51.6592773190998,0.0,52.49906
312951,50,53.5162924193532,0.0,53.293545
312976,50,50.7183875692589,0.0,51.81781
313001,50,50.4526493402951,0.0,47.86517
313026,50,48.0481016155178,0.0,48.51504
313051,50,46.9107898434061,0.0,45.538963
313076,50,44.1554967131374,11.9294496971812,44.940426
313101,50,42.4364652224253,61.1875817676282,40.84758
313126,50,40.6695724416794,91.9290188580879,39.792824
313151,50,41.71017881604,100.0,42.615692
313176,50,45.7933512023906,100.0,45.808887
313201,42,49.7008857868566,31.9839268169395,50.175816
313226,42,52.7106965317726,0.0,53.5426
313251,42,52.2177113479887,0.0,51.204166
313276,42,51.2721396234242,0.0,50.188965
313301,42,49.4717569485345,0.0,49.19891
313326,42,47.3983320430466,0.0,47.3155
313351,42,44.9118210391633,0.0,45.191982
313376,42,43.7262188236286,0.0,42.29422
313401,42,41.92551593045,0.0,41.84592
313426,42,39.2859123923475,0.0,39.922977
313451,42,36.8107928452723,5.18411591658462,36.46807
313476,42,35.3597644508073,49.4332627116511,33.949703
313501,42,32.142121263386,75.3826028725438,32.76049
313526,42,34.0281249190679,100.0,33.461857
313551,42,37.1031187397247,99.2244713162441,38.429684
313576,42,42.8548430983589,44.2777106081309,42.55767
313601,37,47.0719623889632,0.0,47.277397
313626,37,46.70428505257,0.0,47.304638
313651,37,45.0465849349726,0.0,44.865242
313676,37,43.9191250039145,0.0,43.049385
313701,37,41.6557254719646,0.0,42.0423
313726,37,39.7693109622285,0.0,39.21595
313751,37,37.4247549343779,0.0,37.665993
313776,37,34.3879775505629,0.0,34.86641
313801,37,31.7877975064093,3.34517117024169,31.147144
313826,37,28.6756517367055,49.8295342422998,28.868336
313851,37,25.8928569995037,100.0,25.1102
313876,37,28.0599861957273,100.0,28.665998
313901,37,35.9140863406594,100.0,36.13184
313926,37,41.7705707002312,0.0,42.010067
313951,37,45.6236729644654,0.0,46.48872
313976,37,44.3467806080772,0.0,44.46134
314001,42,42.6350356857981,0.0,42.432648
314026,42,39.9518266372009,0.0,40.698246
314051,42,37.9583002749568,0.0,37.09953
314076,42,35.5907328573665,28.9428886852197,35.736027
314101,42,33.0457124680251,71.2726643732485,32.81017
314126,42,31.6629514591048,100.0,32.14546
314151,42,35.6450624444025,100.0,35.796364
314176,42,40.7746888332444,70.3619836740461,41.48234
314201,42,46.0329882689699,0.0,45.669308
314226,42,47.6177548291266,0.0,48.529774
314251,42,46.0312046497229,0.0,46.057865
314276,42,44.2410353465961,0.0,44.015247
314301,42,42.2572026314372,0.0,42.243946
314326,42,40.0199339002315,0.0,40.086845
314351,42,37.8061564073984,0.0,37.588512
314376,42,35.5704628659961,31.7168558391922,35.37483
314401,45,32.8559290273755,71.6897439088096,32.782692
314426,45,32.1277005833172,100.0,32.536015
314451,45,35.4642597261389,100.0,36.29496
314476,45,41.8231456809221,100.0,41.280266
314501,45,45.5790536179952,13.6444479184505,46.80896
314526,45,49.6475029661207,0.0,49.576145
314551,45,47.5989480172179,0.0,48.22227
314576,45,45.7552181031848,0.0,45.410286
314601,45,43.8989110122517,0.0,43.705093
314626,45,42.2915047253062,0.0,41.857735
314651,45,40.695306849733,5.26240771155113,40.38618
314676,45,37.8062243793874,33.8008164725566,38.57946
314701,45,36.1897935178435,85.4532924206203,34.883812
314726,45,35.0296968257733,100.0,35.7925
314751,45,39.7650294637266,100.0,39.463955
314776,45,45.0031861825668,50.5007560441703,44.93489
314801,47,48.3783140547746,0.0,49.23008
314826,47,49.0502603554472,0.0,49.01252
314851,47,46.7986293875879,0.0,47.30808
314876,47,45.6370229141558,0.0,44.42114
314901,47,43.5590117359849,0.0,43.701885
314926,47,42.1426355021239,18.4412451069063,41.312874
314951,47,39.021470520885,43.7670652120628,39.597717
314976,47,37.9376006363667,99.5693162016898,36.692055
315001,47,37.7868506638875,100.0,38.73139
315026,47,43.6612528314004,100.0,42.90475
315051,47,46.8584538101846,16.6949701201422,48.392536
315076,47,50.5893912628267,0.0,50.673923
315101,47,49.669991485324,0.0,49.063854
315126,47,48.0993923331146,0.0,47.65021
315151,47,45.4110652562881,0.0,46.022457
315176,47,43.8369994799264,0.0,42.60827
315201,26,41.9514108637424,13.548112618471,41.890495
315226,26,39.6317552825508,0.0,39.37865
315251,26,37.8910983129079,0.0,36.772316
315276,26,35.1267744933094,0.0,35.906433
315301,26,32.8708417346414,0.0,32.15002
315326,26,29.2835877574837,0.0,30.350681
315351,26,26.4026035706717,0.0,25.473253
315376,26,22.3028174166753,0.0,23.229094
315401,26,18.0979239665405,22.9601835933921,17.94006
315426,26,12.7111242014428,98.1313516365801,14.197442
315451,26,9.13266832030704,100.0,9.844034
315476,26,27.7233887874921,100.0,28.697613
315501,26,35.331763117542,0.0,36.15684
315526,26,41.1239066362766,0.0,41.328976
315551,26,39.0658499482858,0.0,40.38625
315576,26,36.5635062798045,0.0,36.793797
315601,27,34.8603099828855,0.0,33.847908
315626,27,31.9377632202519,0.0,32.88078
315651,27,28.6051339212788,0.0,28.780182
315676,27,25.520845702755,0.0,25.02797
315701,27,21.7165291298218,0.0,22.146994
315726,27,17.0989987451908,51.2657383248661,17.62635
315751,27,10.6250344968889,100.0,12.238228
315776,27,18.9966376876412,100.0,20.013979
315801,27,30.6467938156114,99.9580414308648,31.934063
315826,27,37.8721506359912,0.0,37.960323
315851,27,42.970564061719,0.0,43.34424
315876,27,40.5566114477736,0.0,42.073795
315901,27,39.2155416033677,0.0,37.96404
315926,27,36.6262921042919,0.0,37.448563
315951,27,34.0358936060106,0.0,33.829433
315976,27,31.4884675913916,0.0,31.212164
316001,42,28.1927624864564,0.0,28.679882
316026,42,24.6427999828256,100.0,24.64629
316051,42,20.9037565757736,100.0,17.212116
316076,42,32.0067824534003,100.0,32.870373
316101,42,38.0920933481927,100.0,39.01346
316126,42,43.2971747316584,26.7349392338486,43.64322
316151,42,47.6976007148512,0.0,47.72402
316176,42,46.2846869247288,0.0,46.238876
316201,42,44.5293255004146,0.0,44.289017
316226,42,43.1458888510512,0.0,42.531273
316251,42,40.5039062039113,0.0,41.25144
316276,42,38.8408629102652,0.0,37.695946
316301,42,36.4354557671798,13.328215345867,36.93737
316326,42,33.1267043445042,56.3322998985222,33.462482
316351,42,31.0697034539529,100.0,30.007444
316376,42,33.2461019201337,100.0,33.827457
316401,43,39.6782503088774,100.0,39.387207
316426,43,44.0022681094538,16.3226195518725,44.98259
316451,43,48.6104930063021,0.0,48.262573
316476,43,46.4336639652171,0.0,47.237377
316501,43,44.5356653297613,0.0,44.123024
316526,43,42.8420740677932,0.0,42.463097
316551,43,40.961249517945,0.0,40.905132
316576,43,38.2271594949545,0.0,38.87506
316601,43,36.35207207529,42.2466030804654,35.309742
316626,43,33.6546710112462,75.7750188142555,33.46745
316651,43,34.3762619445594,100.0,34.43648
316676,43,38.5958053584694,100.0,38.598305
316701,43,43.6152345822625,35.7261978580883,43.91616
316726,43,47.0249965160812,0.0,48.03927
316751,43,47.0809274847238,0.0,46.560783
316776,43,45.4326480617353,0.0,45.299145
316801,28,42.8924089480915,0.0,43.425106
316826,28,41.1608808453309,0.0,40.204094
316851,28,39.6544576248939,0.0,39.21416
316876,28,37.0154679265333,0.0,37.84521
316901,28,34.5457376471052,0.0,34.17561
316926,28,31.6448874658945,0.0,31.840784
316951,28,28.9780301320251,0.0,28.504833
316976,28,25.3383997518822,0.0,26.031921
317001,28,21.597506691977,4.4205489880349,21.439447
317026,28,17.477321504506,71.2952738484241,17.603882
317051,28,10.4394156893263,100.0,12.246448
317076,28,23.6550763113292,100.0,24.277155
317101,28,32.9744020690256,34.5973446437613,33.865215
317126,28,39.9085993195702,0.0,39.442226
317151,28,38.6603793024153,0.0,39.797
317176,28,37.297930901505,0.0,36.925632
317201,50,34.1402590797175,0.0,35.584076
317226,50,31.4380336127499,100.0,30.783041
317251,50,28.2181046928713,100.0,25.588524
317276,50,36.0837418250768,100.0,36.368496
317301,50,42.1269052029614,100.0,42.148724
317326,50,46.1044081681316,97.7519124258001,47.053677
317351,50,50.4744535413022,26.6725683788921,50.359047
317376,50,53.2087417547296,0.0,54.17732
317401,50,52.2229417913715,0.0,51.39711
317426,50,50.3355556583281,0.0,50.113964
317451,50,48.6538202188691,0.0,48.138683
317476,50,46.938223201126,0.0,46.541878
317501,50,45.6559957737504,11.7657723496526,44.873535
317526,50,42.777471480416,34.6927904439115,43.202686
317551,50,40.6848341457262,86.1566314572052,40.009434
317576,50,41.378066300962,100.0,39.898026
317601,33,44.260978664227,100.0,45.118378
317626,33,48.5372488807357,0.0,48.737103
317651,33,52.2261539870128,0.0,52.296066
317676,33,50.1975527117417,0.0,50.839024
317701,33,48.3245861004511,0.0,47.982063
317726,33,46.554955308708,0.0,46.19184
317751,33,44.8704377906535,0.0,44.493305
317776,33,42.6264775236289,0.0,42.874313
317801,33,40.5223896856705,0.0,40.214687
317826,33,38.5733509369854,0.0,38.22145
317851,33,36.8387315103914,0.0,36.399124
317876,33,34.4114911067215,0.0,34.84927
317901,33,30.7413942150113,0.0,31.745243
317926,33,28.1326589245465,0.0,26.867506
317951,33,25.0175237385171,43.8117581952521,25.232903
317976,33,20.7438117315759,99.5062500654077,21.234686
318001,33,23.0800707167843,100.0,23.661728
318026,33,32.8474924619548,100.0,33.711338
318051,33,39.1112010891637,0.0,39.62441
318076,33,44.3138996191361,0.0,44.23639
318101,33,42.0466855609857,0.0,43.391846
318126,33,39.9903527745535,0.0,39.607204
318151,33,37.9108629324437,0.0,37.729126
318176,33,34.6728370511231,0.0,35.607113
318201,33,32.8617778925257,0.0,31.245207
318226,33,30.212862320831,0.0,30.76072
318251,33,27.1616713614782,6.61699710367112,27.295948
318276,33,23.3211902352961,61.1635922434929,23.704891
318301,33,19.2486852649184,100.0,19.471657
318326,33,25.6459626167028,100.0,25.873905
318351,33,34.3161486396046,88.3257400923615,34.91175
318376,33,40.164468732869,0.0,40.368263
318401,47,43.9418839671391,0.0,43.924927
318426,47,41.3367823951665,11.5334956738878,42.81935
318451,47,40.8216165817943,58.1068804908642,38.17267
318476,47,38.0384256654158,67.328792124308,38.89695
318501,47,39.7214142880977,100.0,38.941444
318526,47,41.1791677820111,87.0305248747479,42.88681
318551,47,46.2420986724727,60.9903040439345,45.812744
318576,47,48.9805931054327,0.0,49.30578
318601,47,50.6106528666907,0.0,50.370583
318626,47,48.5458472409021,0.0,48.966656
318651,47,47.173751162228,0.0,46.341953
318676,47,44.985672665096,0.0,45.157356
318701,47,43.0148423771485,0.0,42.65002
318726,47,41.2836453518192,28.1806370701809,40.864285
318751,47,38.8451140451916,59.1351589812505,38.71414
318776,47,37.4718568263336,100.0,37.867233
318801,24,40.1095560944711,100.0,39.854954
318826,24,44.1209000881499,0.0,45.104862
318851,24,48.6089890470137,0.0,48.2136
318876,24,46.737850260965,0.0,47.450382
318901,24,45.0044043325074,0.0,44.65347
318926,24,43.1591463869015,0.0,42.995846
318951,24,40.5224344755061,0.0,41.126366
318976,24,38.6049440627037,0.0,37.71963
319001,24,36.6876780389566,0.0,36.460747
319026,24,33.9602238014957,0.0,34.524628
319051,24,31.1444969499642,0.0,31.006598
319076,24,28.0534506900017,0.0,28.079674
319101,24,24.3738636833925,0.0,24.698437
319126,24,20.4118232518699,0.0,20.42766
319151,24,16.0891153003236,20.7041966942409,16.16153
319176,24,9.4693603803696,97.9810425139296,12.172372
319201,31,3.63296892654903,100.0,6.839155
319226,31,26.5296421783382,100.0,27.501242
319251,31,35.8479654273834,36.5987991959809,35.536346
319276,31,40.8759603680329,0.0,41.856953
319301,31,40.7745082393808,0.0,40.87921
319326,31,38.4941083097307,0.0,39.16086
319351,31,36.461277242368,0.0,36.00686
319376,31,33.3113875626563,0.0,34.18707
319401,31,31.2570056240621,0.0,29.95325
319426,31,27.6789887962264,0.0,28.910702
319451,31,24.3561751066855,15.9705926624553,23.861387
319476,31,20.7161642394239,75.3737000418548,20.942074
319501,31,15.7542232137313,100.0,16.91522
319526,31,25.9134247175247,100.0,26.764786
319551,31,34.401674517585,47.6135512596819,34.96999
319576,31,40.7829534403835,0.0,40.4244
319601,30,40.7941703120461,0.0,41.54601
319626,30,39.0343976012587,0.0,39.19822
319651,30,36.5555179226945,0.0,37.0431
319676,30,34.0034046352422,0.0,33.86195
319701,30,31.1883557668244,0.0,31.215433
319726,30,28.766475901914,0.0,28.124607
319751,30,26.0913669954715,0.0,26.049097
319776,30,20.3586282959996,26.4674020596302,23.108753
319801,30,16.8757207115891,100.0,15.407702
319826,30,15.1330217468772,100.0,14.86834
319851,30,29.1324652703304,100.0,30.402134
319876,30,37.0542938719827,0.0,36.928154
319901,30,42.3117545395917,0.0,42.772827
319926,30,40.5471398478806,0.0,41.458607
319951,30,38.6314064977675,0.0,38.56536
319976,30,35.5542306830883,0.0,36.489132
320001,21,32.853799153201,0.0,32.286934
320026,21,29.5259684180491,0.0,29.914625
320051,21,27.7924048808222,0.0,25.962494
320076,21,23.0762909843692,0.0,25.713911
320101,21,18.9977980318776,0.0,18.147402
320126,21,13.2966851095162,0.0,14.627957
320151,21,4.86154955246117,94.2292681490227,8.408379
320176,21,0.657583780948288,100.0,0.0
320201,21,26.4729464545476,100.0,26.297575
320226,21,34.3635116646424,0.0,35.743515
320251,21,40.8535091683163,0.0,40.624626
320276,21,38.2295487881106,0.0,40.228638
320301,21,36.198167702855,0.0,35.415936
320326,21,33.5298576024829,0.0,33.922703
320351,21,30.7457157817818,0.0,30.627684
320376,21,27.9467979486212,0.0,27.706684
320401,45,24.2080884360927,0.0,24.86599
320426,45,19.6403521787199,100.0,20.204523
320451,45,15.1567534033303,100.0,10.883297
320476,45,29.465672471822,100.0,30.352428
320501,45,36.964166496024,100.0,37.22096
320526,45,42.6384663963624,100.0,42.835083
320551,45,46.4398954256396,0.0,47.47729
320576,45,50.9197895140709,0.0,50.277256
320601,45,47.9462018122238,0.0,49.68984
320626,45,46.4249319769538,0.0,44.89985
320651,45,44.8556544850633,0.0,44.40743
320676,45,43.2294330267561,0.0,42.878616
320701,45,40.4950843020945,0.0,41.292683
320726,45,38.6225480965946,37.1424660624213,37.600002
320751,45,37.1506115386403,70.6246485499122,35.899952
320776,45,35.7934647186152,96.9505174789473,37.313137
320801,49,39.2174328033659,100.0,39.1246
320826,49,44.6148535673529,100.0,44.164326
320851,49,47.9111976020708,35.090328765645,49.210598
320876,49,51.6264919567738,0.0,51.774067
320901,49,51.0373300562255,0.0,50.62794
320926,49,49.0043951131909,0.0,49.029217
320951,49,47.929817294756,0.0,46.8203
320976,49,46.0746349924809,0.0,45.938282
321001,49,43.9735683212119,9.00114888013044,44.01293
321026,49,41.3017896739943,46.5645975502439,41.329113
321051,49,40.2753334298316,94.3344655497824,38.38887
321076,49,40.0496741072476,100.0,41.31417
321101,49,44.400249131116,100.0,44.449123
321126,49,48.4756384022507,39.0091932132936,48.953632
321151,49,52.3659988221705,0.0,52.380947
321176,49,52.3354314887898,0.0,51.79398
321201,24,50.3681417977844,0.0,50.378204
321226,24,48.7285664521711,0.0,48.157352
321251,24,46.4186525855634,0.0,46.621143
321276,24,44.5962486796824,0.0,43.982456
321301,24,43.6233000970047,0.0,42.57573
321326,24,41.3511921156615,0.0,41.780552
321351,24,37.9986616759656,0.0,38.900192
321376,24,36.7369576640669,0.0,34.49623
321401,24,34.1390857764843,0.0,35.057606
321426,24,31.3693143082766,0.0,31.309345
321451,24,27.9900663237243,0.0,28.35003
321476,24,24.4772973649972,0.0,24.362858
321501,24,21.4480610710662,0.0,20.689312
321526,24,16.1625044853882,1.9778705633658,18.085546
321551,24,9.29573689930206,96.46319796869,10.912537
321576,24,0.206692940898115,100.0,0.0
321601,26,26.297524188776,100.0,26.478266
321626,26,34.7569364848662,0.0,35.656765
321651,26,41.042449264319,0.0,41.034336
321676,26,38.6745127501042,0.0,40.38111
321701,26,36.2140040546079,0.0,36.106567
321726,26,33.6609104884205,0.0,33.53435
321751,26,30.101171366968,0.0,30.868603
321776,26,28.120203347149,0.0,26.3249
321801,26,24.8422208480725,0.0,25.811852
321826,26,21.0254692714167,0.0,21.2791
321851,26,15.3858940958233,45.2562380435339,16.916695
321876,26,8.56394326363571,100.0,10.186459
321901,26,16.4598474592358,100.0,17.486786
321926,26,28.9739311837427,100.0,31.040922
321951,26,36.9252679353595,0.0,36.682953
321976,26,42.4722918389085,0.0,42.668976
322001,43,40.0143450608644,0.0,41.6573
322026,43,38.1158719894349,9.73376817468099,37.374924
322051,43,36.2056981374139,43.6759980797275,35.587566
322076,43,33.2057319722401,77.8318455957468,33.90735
322101,43,34.3490547658525,100.0,34.16073
322126,43,38.274034380929,100.0,38.718212
322151,43,43.1556113369143,40.9197112022453,43.624966
322176,43,47.5037898427427,0.0,47.536102
322201,43,47.6377906062486,0.0,47.42668
322226,43,44.7137230969465,0.0,45.85159
322251,43,43.7666575790304,0.0,41.68186
322276,43,41.7237879911844,0.0,41.923714
322301,43,39.7136552056305,0.0,39.492496
322326,43,37.0450691331235,15.1729023443589,37.4932
322351,43,35.1815340545098,62.8816095165494,33.897278
322376,43,31.6691406330128,96.206308021634,32.8361
322401,30,35.038466540475,100.0,34.6813
322426,30,39.9632418366712,0.0,40.584206
322451,30,46.1708187902095,0.0,44.76958
322476,30,43.6331681508465,0.0,45.341713
322501,30,40.9894479436133,0.0,40.95466
322526,30,39.1172469216924,0.0,38.184685
322551,30,36.7925062957659,0.0,37.020836
322576,30,34.5479946605164,0.0,34.246536
322601,30,31.9687034282884,0.0,32.05529
322626,30,28.4123927945347,0.0,29.13487
322651,30,25.2467210924444,0.0,24.622543
322676,30,21.4331697559785,41.280857051081,21.793455
322701,30,16.22911473159,100.0,17.32272
322726,30,19.2331054812453,100.0,19.953012
322751,30,31.0321272205198,100.0,31.987085
322776,30,38.0950199174721,0.0,38.283695
322801,23,43.7611400228345,0.0,43.51012
322826,23,41.1116765710174,0.0,42.92471
322851,23,38.96908735509,0.0,38.302715
322876,23,36.3011315198689,0.0,36.616417
322901,23,33.8632067962888,0.0,33.426876
322926,23,30.9082682606162,0.0,31.181429
322951,23,28.5511841741316,0.0,27.709919
322976,23,24.9071213369774,0.0,25.892717
323001,23,21.341278267634,0.0,20.999704
323026,23,16.8621853772841,0.0,17.47207
323051,23,10.2170567708014,65.8789121228054,12.140721
323076,23,0.0326283137979226,100.0,2.4195113
323101,23,20.5809035651546,100.0,20.759373
323126,23,31.8820697934433,0.0,32.79671
323151,23,38.3216603277233,0.0,39.159798
323176,23,35.7719775497217,0.0,37.76665
323201,49,33.5993327791105,0.0,33.003895
323226,49,30.9957144669026,100.0,31.1649
323251,49,27.8150343982631,100.0,25.139826
323276,49,35.7518309012275,100.0,36.166588
323301,49,41.8140318895654,100.0,41.884735
323326,49,45.8971571067095,84.7914922133193,46.780025
323351,49,49.0911920307873,11.8225339468494,49.990746
323376,49,51.9444746841084,0.0,51.826454
323401,49,50.5941572119323,0.0,50.32172
323426,49,48.6188592338895,0.0,48.47617
323451,49,46.9575478959611,0.0,46.459995
323476,49,45.0467432469125,0.0,44.90104
323501,49,42.8266516354047,27.0257909700655,42.963398
323526,49,41.547819326607,66.7192285622792,40.08283
323551,49,39.9531989840568,89.5928788840652,40.4635
323576,49,42.1608876223079,100.0,42.24766
323601,45,45.6962665278611,78.6730969528358,46.126785
323626,45,50.1036088305878,0.0,49.782085
323651,45,51.6065871292297,0.0,52.82516
323676,45,50.2322102943578,0.0,49.913475
323701,45,48.6024885753528,0.0,48.121456
323726,45,46.9148482507285,0.0,46.500534
323751,45,45.0385501410658,0.0,44.8554
323776,45,42.8837840126893,0.0,42.97929
323801,45,40.8863883166965,0.0,40.5586
323826,45,39.2785648654827,29.9212742488094,38.68961
323851,45,36.24571641244,58.6707957107412,36.730453
323876,45,35.8179062565205,100.0,35.38595
323901,45,37.4589815439207,100.0,38.54804
323926,45,42.4342902640642,91.2515025874873,42.778084
323951,45,47.109491479532,2.33559946084024,47.14817
323976,45,49.7934291300233,0.0,50.482437
